TABLE NO.     1: NUTS Bayesian Analysis: Problem=1 Subproblem=0 Superproblem1=0 Iteration1=0 Superproblem2=0 Iteration2=0
 NAME         THETA1       THETA2       THETA3       THETA4       THETA5       THETA6       THETA7       THETA8       THETA9       THETA10      THETA11      THETA12      SIGMA(1,1)   SIGMA(2,1)   SIGMA(2,2)   OMEGA(1,1)   OMEGA(2,1)   OMEGA(2,2)   OMEGA(3,1)   OMEGA(3,2)   OMEGA(3,3)   OMEGA(4,1)   OMEGA(4,2)   OMEGA(4,3)   OMEGA(4,4)   OMEGA(5,1)   OMEGA(5,2)   OMEGA(5,3)   OMEGA(5,4)   OMEGA(5,5)   OMEGA(6,1)   OMEGA(6,2)   OMEGA(6,3)   OMEGA(6,4)   OMEGA(6,5)   OMEGA(6,6)   OMEGA(7,1)   OMEGA(7,2)   OMEGA(7,3)   OMEGA(7,4)   OMEGA(7,5)   OMEGA(7,6)   OMEGA(7,7)   OMEGA(8,1)   OMEGA(8,2)   OMEGA(8,3)   OMEGA(8,4)   OMEGA(8,5)   OMEGA(8,6)   OMEGA(8,7)   OMEGA(8,8)   OMEGA(9,1)   OMEGA(9,2)   OMEGA(9,3)   OMEGA(9,4)   OMEGA(9,5)   OMEGA(9,6)   OMEGA(9,7)   OMEGA(9,8)   OMEGA(9,9)   OMEGA(10,1)  OMEGA(10,2)  OMEGA(10,3)  OMEGA(10,4)  OMEGA(10,5)  OMEGA(10,6)  OMEGA(10,7)  OMEGA(10,8)  OMEGA(10,9)  OMEGA(10,10) OMEGA(11,1)  OMEGA(11,2)  OMEGA(11,3)  OMEGA(11,4)  OMEGA(11,5)  OMEGA(11,6)  OMEGA(11,7)  OMEGA(11,8)  OMEGA(11,9)  OMEGA(11,10) OMEGA(11,11)
 THETA1        1.37079E-01 -1.97766E-01  3.46837E-02  2.81407E-01 -1.31076E-01 -1.32195E-01  9.31187E-02  2.00070E-01  5.75349E-03  1.81672E-03  6.69108E-02  0.00000E+00  0.00000E+00  0.00000E+00  0.00000E+00  9.81831E-02 -1.74332E-01  9.95722E-03  6.83706E-02 -2.82329E-02  3.88179E-02  1.31053E-01 -1.11201E-01  2.72364E-02  1.10287E-01 -8.28108E-02  9.52992E-02 -7.29878E-02  7.35770E-02 -1.53546E-01  5.01211E-02  2.75363E-02  1.87114E-02 -5.23377E-02 -9.50197E-02 -1.40296E-02 -9.26073E-02 -1.08315E-02  8.50889E-03 -2.58699E-02  9.30549E-02  4.02006E-02  4.79092E-02  1.27380E-02  3.92234E-02  9.22013E-02 -4.33434E-03  1.39147E-01 -9.30422E-02  1.93391E-02  4.53975E-02  0.00000E+00  0.00000E+00  0.00000E+00  0.00000E+00  0.00000E+00  0.00000E+00  0.00000E+00  0.00000E+00  0.00000E+00  0.00000E+00  0.00000E+00  0.00000E+00  0.00000E+00  0.00000E+00  0.00000E+00  0.00000E+00  0.00000E+00  0.00000E+00  0.00000E+00  0.00000E+00  0.00000E+00  0.00000E+00  0.00000E+00  0.00000E+00  0.00000E+00  0.00000E+00  0.00000E+00  0.00000E+00  0.00000E+00  0.00000E+00
 THETA2       -1.97766E-01  1.68337E-01 -2.00422E-01 -2.80508E-01 -6.97946E-03  3.05519E-02  2.34532E-01 -5.12446E-02  6.42285E-04 -1.69686E-02 -5.25990E-02  0.00000E+00  0.00000E+00  0.00000E+00  0.00000E+00 -9.05872E-02 -1.17601E-01 -9.67072E-02  1.82046E-02  5.99755E-02 -1.55966E-02 -9.73493E-02 -3.16136E-02 -3.16390E-02  3.56456E-02  1.23541E-01  5.58270E-02 -1.16905E-03 -1.35038E-02  9.48117E-03  9.98935E-03  4.81385E-02  1.54264E-02 -1.21991E-02 -2.07403E-02  1.01966E-02 -2.60573E-02 -7.81850E-02  8.91330E-02  1.08941E-02  8.54820E-02  1.73465E-02 -8.96725E-02 -1.90311E-02  1.58690E-02  4.02391E-04 -3.42251E-02  1.03036E-01  1.50006E-02  4.25669E-02  2.37923E-02  0.00000E+00  0.00000E+00  0.00000E+00  0.00000E+00  0.00000E+00  0.00000E+00  0.00000E+00  0.00000E+00  0.00000E+00  0.00000E+00  0.00000E+00  0.00000E+00  0.00000E+00  0.00000E+00  0.00000E+00  0.00000E+00  0.00000E+00  0.00000E+00  0.00000E+00  0.00000E+00  0.00000E+00  0.00000E+00  0.00000E+00  0.00000E+00  0.00000E+00  0.00000E+00  0.00000E+00  0.00000E+00  0.00000E+00  0.00000E+00
 THETA3        3.46837E-02 -2.00422E-01  2.02711E-01 -3.44068E-02  5.73843E-01 -3.19269E-02  6.44151E-03  7.43203E-02  5.00184E-02  4.77338E-02 -2.79772E-02  0.00000E+00  0.00000E+00  0.00000E+00  0.00000E+00  3.78301E-02  8.59029E-02  1.99258E-02 -1.50075E-01 -9.51342E-02  9.18337E-02  3.65903E-02 -1.13941E-01 -1.79148E-01  1.24622E-01  2.53343E-02 -1.34462E-01  1.09228E-01 -7.01353E-02  8.06374E-02 -1.12680E-01  3.40450E-02  2.49074E-03  5.39901E-03  2.78785E-02  4.23688E-02  1.24890E-01 -5.64820E-02 -1.78446E-01  2.29363E-02 -7.25873E-02 -5.67140E-02 -4.17057E-03  2.95862E-02  4.63375E-02 -9.91972E-02  1.22770E-01 -1.03782E-01 -8.16897E-03 -5.91604E-02 -3.35198E-02  0.00000E+00  0.00000E+00  0.00000E+00  0.00000E+00  0.00000E+00  0.00000E+00  0.00000E+00  0.00000E+00  0.00000E+00  0.00000E+00  0.00000E+00  0.00000E+00  0.00000E+00  0.00000E+00  0.00000E+00  0.00000E+00  0.00000E+00  0.00000E+00  0.00000E+00  0.00000E+00  0.00000E+00  0.00000E+00  0.00000E+00  0.00000E+00  0.00000E+00  0.00000E+00  0.00000E+00  0.00000E+00  0.00000E+00  0.00000E+00
 THETA4        2.81407E-01 -2.80508E-01 -3.44068E-02  1.81866E-01 -1.85360E-01 -1.11180E-01 -8.67938E-02  1.89548E-01 -8.58740E-02 -6.57873E-02 -4.36797E-02  0.00000E+00  0.00000E+00  0.00000E+00  0.00000E+00  4.44133E-02 -5.98922E-02  7.15373E-02 -1.02944E-02 -1.00368E-01  3.34009E-02 -1.68083E-02 -9.50299E-02  1.94739E-01 -1.82146E-02 -6.83221E-02  6.06157E-02 -5.81549E-02  9.56845E-02 -8.44844E-02  2.61104E-02 -1.49435E-02 -4.32310E-02 -3.10291E-02 -1.74489E-02  4.84930E-02 -7.00639E-02  9.99907E-02  2.41749E-02 -3.96044E-02  5.54531E-02  8.74811E-02  4.67085E-03 -7.32750E-02  1.54032E-02  1.39322E-01  1.68454E-02  7.61835E-02 -7.63413E-02 -1.08281E-02  2.24564E-02  0.00000E+00  0.00000E+00  0.00000E+00  0.00000E+00  0.00000E+00  0.00000E+00  0.00000E+00  0.00000E+00  0.00000E+00  0.00000E+00  0.00000E+00  0.00000E+00  0.00000E+00  0.00000E+00  0.00000E+00  0.00000E+00  0.00000E+00  0.00000E+00  0.00000E+00  0.00000E+00  0.00000E+00  0.00000E+00  0.00000E+00  0.00000E+00  0.00000E+00  0.00000E+00  0.00000E+00  0.00000E+00  0.00000E+00  0.00000E+00
 THETA5       -1.31076E-01 -6.97946E-03  5.73843E-01 -1.85360E-01  2.07665E-01 -4.30436E-02  8.01963E-02 -1.09479E-01  8.37725E-02  7.10252E-02  4.73771E-02  0.00000E+00  0.00000E+00  0.00000E+00  0.00000E+00  1.03037E-01  1.56010E-01 -7.00157E-02 -1.46814E-01 -6.29440E-02  3.14956E-02  4.00471E-02  1.33380E-02 -1.38132E-01  7.04241E-02 -1.48906E-01 -8.95677E-02  1.93586E-01 -2.03876E-01  2.66310E-02 -1.29287E-01  6.98231E-02  5.02194E-02 -3.58472E-02  2.00076E-02  7.61190E-02  1.55549E-01 -9.99749E-02 -4.61470E-02  9.47748E-02 -1.49456E-01 -8.57747E-02 -1.96565E-02  5.26162E-02  6.77922E-02 -1.28043E-01  1.74490E-01 -9.65003E-02 -5.88094E-03  8.23708E-03 -3.53301E-02  0.00000E+00  0.00000E+00  0.00000E+00  0.00000E+00  0.00000E+00  0.00000E+00  0.00000E+00  0.00000E+00  0.00000E+00  0.00000E+00  0.00000E+00  0.00000E+00  0.00000E+00  0.00000E+00  0.00000E+00  0.00000E+00  0.00000E+00  0.00000E+00  0.00000E+00  0.00000E+00  0.00000E+00  0.00000E+00  0.00000E+00  0.00000E+00  0.00000E+00  0.00000E+00  0.00000E+00  0.00000E+00  0.00000E+00  0.00000E+00
 THETA6       -1.32195E-01  3.05519E-02 -3.19269E-02 -1.11180E-01 -4.30436E-02  1.16878E-01 -1.40338E-01 -5.74383E-02  3.18544E-01 -1.44278E-02 -1.91810E-02  0.00000E+00  0.00000E+00  0.00000E+00  0.00000E+00  4.02718E-03 -5.18072E-02  3.96620E-02  6.74518E-02  2.82922E-03 -2.20290E-02  1.40749E-02  3.20129E-03  4.02331E-02 -3.63230E-02  1.02754E-02  5.41554E-02  3.88297E-02 -6.12201E-02  2.79757E-02 -1.16632E-02 -4.53008E-02  1.06221E-01  9.41354E-02  7.19393E-02  1.08693E-01  2.60711E-02 -2.81379E-02 -8.13097E-03  5.78248E-02 -5.91284E-02 -1.66609E-01 -8.90947E-02 -2.16263E-02 -7.09725E-02 -1.59218E-01 -1.24660E-02 -9.02993E-02  4.53393E-02 -1.08447E-01 -8.72321E-02  0.00000E+00  0.00000E+00  0.00000E+00  0.00000E+00  0.00000E+00  0.00000E+00  0.00000E+00  0.00000E+00  0.00000E+00  0.00000E+00  0.00000E+00  0.00000E+00  0.00000E+00  0.00000E+00  0.00000E+00  0.00000E+00  0.00000E+00  0.00000E+00  0.00000E+00  0.00000E+00  0.00000E+00  0.00000E+00  0.00000E+00  0.00000E+00  0.00000E+00  0.00000E+00  0.00000E+00  0.00000E+00  0.00000E+00  0.00000E+00
 THETA7        9.31187E-02  2.34532E-01  6.44151E-03 -8.67938E-02  8.01963E-02 -1.40338E-01  1.23794E-01  5.64028E-02 -9.99035E-02  1.15960E-03 -4.30471E-02  0.00000E+00  0.00000E+00  0.00000E+00  0.00000E+00  8.32095E-02 -1.96809E-03 -1.09067E-01 -1.53445E-02  3.09367E-03 -2.05524E-03  4.37307E-03  8.59020E-02 -5.79485E-02  5.29204E-03  5.49077E-02 -1.66199E-02 -1.13419E-01  5.10011E-02 -8.34129E-02 -8.41321E-03 -1.16066E-02  6.62207E-02  2.88631E-02 -1.00692E-01 -2.96172E-02  5.92476E-02 -8.28719E-02  5.90906E-02  3.82385E-02  6.50727E-02  1.12277E-02 -8.29733E-02 -1.33830E-02 -4.51015E-02 -2.04521E-02 -4.15235E-02  9.75735E-02 -3.79198E-02 -1.74822E-02  1.23285E-02  0.00000E+00  0.00000E+00  0.00000E+00  0.00000E+00  0.00000E+00  0.00000E+00  0.00000E+00  0.00000E+00  0.00000E+00  0.00000E+00  0.00000E+00  0.00000E+00  0.00000E+00  0.00000E+00  0.00000E+00  0.00000E+00  0.00000E+00  0.00000E+00  0.00000E+00  0.00000E+00  0.00000E+00  0.00000E+00  0.00000E+00  0.00000E+00  0.00000E+00  0.00000E+00  0.00000E+00  0.00000E+00  0.00000E+00  0.00000E+00
 THETA8        2.00070E-01 -5.12446E-02  7.43203E-02  1.89548E-01 -1.09479E-01 -5.74383E-02  5.64028E-02  1.44354E-01  1.47610E-02 -3.63913E-02 -8.09130E-02  0.00000E+00  0.00000E+00  0.00000E+00  0.00000E+00  1.15105E-02  3.94760E-03  2.26969E-02 -3.33454E-02 -5.35954E-02  7.86637E-02  1.54807E-02 -6.21507E-03 -4.17118E-02  5.44931E-02  1.38856E-01  7.59663E-02 -2.52011E-02  4.15790E-02  3.29606E-03 -6.80602E-02 -3.38299E-02  4.25207E-02 -4.20381E-03 -7.19342E-02 -1.99563E-02  6.24847E-02 -6.57963E-02 -3.88373E-02  1.40068E-01  1.08059E-01 -5.19547E-02 -2.65769E-02  1.23818E-02 -1.56386E-01  1.35986E-01  9.90145E-02 -1.94539E-02  1.27037E-01 -1.20107E-01 -7.15532E-02  0.00000E+00  0.00000E+00  0.00000E+00  0.00000E+00  0.00000E+00  0.00000E+00  0.00000E+00  0.00000E+00  0.00000E+00  0.00000E+00  0.00000E+00  0.00000E+00  0.00000E+00  0.00000E+00  0.00000E+00  0.00000E+00  0.00000E+00  0.00000E+00  0.00000E+00  0.00000E+00  0.00000E+00  0.00000E+00  0.00000E+00  0.00000E+00  0.00000E+00  0.00000E+00  0.00000E+00  0.00000E+00  0.00000E+00  0.00000E+00
 THETA9        5.75349E-03  6.42285E-04  5.00184E-02 -8.58740E-02  8.37725E-02  3.18544E-01 -9.99035E-02  1.47610E-02  9.06892E-02  1.00371E-01  8.55585E-02  0.00000E+00  0.00000E+00  0.00000E+00  0.00000E+00  4.08270E-02  1.84066E-03  1.41630E-02 -7.08656E-02 -7.63857E-02  2.54167E-02  3.55323E-03 -2.07346E-02  2.67819E-02  1.01499E-01  8.06640E-02 -1.02477E-01  5.31304E-02  2.11303E-02 -2.46810E-02 -5.39285E-02  1.12499E-02 -3.04261E-02 -1.52723E-02 -2.95824E-02  6.15392E-02  7.94653E-02  3.20697E-03 -3.76559E-02  5.48516E-02 -6.91711E-02 -9.56461E-02  6.95394E-02 -6.05176E-02  2.68996E-02 -7.66110E-02  9.18974E-02  3.99622E-02 -5.98484E-02  2.67593E-02  1.45647E-02  0.00000E+00  0.00000E+00  0.00000E+00  0.00000E+00  0.00000E+00  0.00000E+00  0.00000E+00  0.00000E+00  0.00000E+00  0.00000E+00  0.00000E+00  0.00000E+00  0.00000E+00  0.00000E+00  0.00000E+00  0.00000E+00  0.00000E+00  0.00000E+00  0.00000E+00  0.00000E+00  0.00000E+00  0.00000E+00  0.00000E+00  0.00000E+00  0.00000E+00  0.00000E+00  0.00000E+00  0.00000E+00  0.00000E+00  0.00000E+00
 THETA10       1.81672E-03 -1.69686E-02  4.77338E-02 -6.57873E-02  7.10252E-02 -1.44278E-02  1.15960E-03 -3.63913E-02  1.00371E-01  4.48042E-02  8.45566E-03  0.00000E+00  0.00000E+00  0.00000E+00  0.00000E+00  9.94280E-02  5.67609E-02 -6.12843E-02 -7.87354E-02  1.50112E-01  1.31094E-02  5.99528E-02  4.13921E-02 -1.03473E-01  7.35600E-02 -6.78070E-02 -3.68974E-02  2.74024E-02 -4.94054E-02  8.36967E-02  1.30588E-02 -7.32350E-02  5.70076E-02  5.50794E-02 -4.15866E-02  1.20272E-01  8.75289E-02 -3.23094E-02  1.96637E-02  4.93660E-03 -1.87164E-02 -2.46696E-02  2.33690E-02  1.92565E-02  2.83344E-02 -1.95076E-02  6.09163E-02 -1.36280E-02 -6.53240E-02  1.16534E-01  4.63244E-02  0.00000E+00  0.00000E+00  0.00000E+00  0.00000E+00  0.00000E+00  0.00000E+00  0.00000E+00  0.00000E+00  0.00000E+00  0.00000E+00  0.00000E+00  0.00000E+00  0.00000E+00  0.00000E+00  0.00000E+00  0.00000E+00  0.00000E+00  0.00000E+00  0.00000E+00  0.00000E+00  0.00000E+00  0.00000E+00  0.00000E+00  0.00000E+00  0.00000E+00  0.00000E+00  0.00000E+00  0.00000E+00  0.00000E+00  0.00000E+00
 THETA11       6.69108E-02 -5.25990E-02 -2.79772E-02 -4.36797E-02  4.73771E-02 -1.91810E-02 -4.30471E-02 -8.09130E-02  8.55585E-02  8.45566E-03  6.10397E-02  0.00000E+00  0.00000E+00  0.00000E+00  0.00000E+00  2.94448E-02 -9.61740E-02  7.69650E-02 -1.52524E-02 -1.06331E-01 -6.16109E-02  6.04177E-02 -3.52478E-02 -4.10910E-04  9.26798E-02 -1.13854E-01  7.49127E-03 -7.38758E-03 -8.18858E-02 -9.90414E-04  5.61473E-02  3.63731E-02  7.91274E-02 -7.68819E-02 -9.16305E-02  7.49426E-02 -3.42787E-02  5.79234E-02 -7.55971E-02 -3.26631E-02 -4.07975E-02  3.88048E-02 -4.65065E-02  3.04433E-02 -3.03693E-02 -9.27357E-02  8.93499E-02 -1.31325E-02 -6.70733E-02  7.35055E-02  9.84121E-02  0.00000E+00  0.00000E+00  0.00000E+00  0.00000E+00  0.00000E+00  0.00000E+00  0.00000E+00  0.00000E+00  0.00000E+00  0.00000E+00  0.00000E+00  0.00000E+00  0.00000E+00  0.00000E+00  0.00000E+00  0.00000E+00  0.00000E+00  0.00000E+00  0.00000E+00  0.00000E+00  0.00000E+00  0.00000E+00  0.00000E+00  0.00000E+00  0.00000E+00  0.00000E+00  0.00000E+00  0.00000E+00  0.00000E+00  0.00000E+00
 THETA12       0.00000E+00  0.00000E+00  0.00000E+00  0.00000E+00  0.00000E+00  0.00000E+00  0.00000E+00  0.00000E+00  0.00000E+00  0.00000E+00  0.00000E+00  0.00000E+00  0.00000E+00  0.00000E+00  0.00000E+00  0.00000E+00  0.00000E+00  0.00000E+00  0.00000E+00  0.00000E+00  0.00000E+00  0.00000E+00  0.00000E+00  0.00000E+00  0.00000E+00  0.00000E+00  0.00000E+00  0.00000E+00  0.00000E+00  0.00000E+00  0.00000E+00  0.00000E+00  0.00000E+00  0.00000E+00  0.00000E+00  0.00000E+00  0.00000E+00  0.00000E+00  0.00000E+00  0.00000E+00  0.00000E+00  0.00000E+00  0.00000E+00  0.00000E+00  0.00000E+00  0.00000E+00  0.00000E+00  0.00000E+00  0.00000E+00  0.00000E+00  0.00000E+00  0.00000E+00  0.00000E+00  0.00000E+00  0.00000E+00  0.00000E+00  0.00000E+00  0.00000E+00  0.00000E+00  0.00000E+00  0.00000E+00  0.00000E+00  0.00000E+00  0.00000E+00  0.00000E+00  0.00000E+00  0.00000E+00  0.00000E+00  0.00000E+00  0.00000E+00  0.00000E+00  0.00000E+00  0.00000E+00  0.00000E+00  0.00000E+00  0.00000E+00  0.00000E+00  0.00000E+00  0.00000E+00  0.00000E+00  0.00000E+00
 SIGMA(1,1)    0.00000E+00  0.00000E+00  0.00000E+00  0.00000E+00  0.00000E+00  0.00000E+00  0.00000E+00  0.00000E+00  0.00000E+00  0.00000E+00  0.00000E+00  0.00000E+00  0.00000E+00  0.00000E+00  0.00000E+00  0.00000E+00  0.00000E+00  0.00000E+00  0.00000E+00  0.00000E+00  0.00000E+00  0.00000E+00  0.00000E+00  0.00000E+00  0.00000E+00  0.00000E+00  0.00000E+00  0.00000E+00  0.00000E+00  0.00000E+00  0.00000E+00  0.00000E+00  0.00000E+00  0.00000E+00  0.00000E+00  0.00000E+00  0.00000E+00  0.00000E+00  0.00000E+00  0.00000E+00  0.00000E+00  0.00000E+00  0.00000E+00  0.00000E+00  0.00000E+00  0.00000E+00  0.00000E+00  0.00000E+00  0.00000E+00  0.00000E+00  0.00000E+00  0.00000E+00  0.00000E+00  0.00000E+00  0.00000E+00  0.00000E+00  0.00000E+00  0.00000E+00  0.00000E+00  0.00000E+00  0.00000E+00  0.00000E+00  0.00000E+00  0.00000E+00  0.00000E+00  0.00000E+00  0.00000E+00  0.00000E+00  0.00000E+00  0.00000E+00  0.00000E+00  0.00000E+00  0.00000E+00  0.00000E+00  0.00000E+00  0.00000E+00  0.00000E+00  0.00000E+00  0.00000E+00  0.00000E+00  0.00000E+00
 SIGMA(2,1)    0.00000E+00  0.00000E+00  0.00000E+00  0.00000E+00  0.00000E+00  0.00000E+00  0.00000E+00  0.00000E+00  0.00000E+00  0.00000E+00  0.00000E+00  0.00000E+00  0.00000E+00  0.00000E+00  0.00000E+00  0.00000E+00  0.00000E+00  0.00000E+00  0.00000E+00  0.00000E+00  0.00000E+00  0.00000E+00  0.00000E+00  0.00000E+00  0.00000E+00  0.00000E+00  0.00000E+00  0.00000E+00  0.00000E+00  0.00000E+00  0.00000E+00  0.00000E+00  0.00000E+00  0.00000E+00  0.00000E+00  0.00000E+00  0.00000E+00  0.00000E+00  0.00000E+00  0.00000E+00  0.00000E+00  0.00000E+00  0.00000E+00  0.00000E+00  0.00000E+00  0.00000E+00  0.00000E+00  0.00000E+00  0.00000E+00  0.00000E+00  0.00000E+00  0.00000E+00  0.00000E+00  0.00000E+00  0.00000E+00  0.00000E+00  0.00000E+00  0.00000E+00  0.00000E+00  0.00000E+00  0.00000E+00  0.00000E+00  0.00000E+00  0.00000E+00  0.00000E+00  0.00000E+00  0.00000E+00  0.00000E+00  0.00000E+00  0.00000E+00  0.00000E+00  0.00000E+00  0.00000E+00  0.00000E+00  0.00000E+00  0.00000E+00  0.00000E+00  0.00000E+00  0.00000E+00  0.00000E+00  0.00000E+00
 SIGMA(2,2)    0.00000E+00  0.00000E+00  0.00000E+00  0.00000E+00  0.00000E+00  0.00000E+00  0.00000E+00  0.00000E+00  0.00000E+00  0.00000E+00  0.00000E+00  0.00000E+00  0.00000E+00  0.00000E+00  0.00000E+00  0.00000E+00  0.00000E+00  0.00000E+00  0.00000E+00  0.00000E+00  0.00000E+00  0.00000E+00  0.00000E+00  0.00000E+00  0.00000E+00  0.00000E+00  0.00000E+00  0.00000E+00  0.00000E+00  0.00000E+00  0.00000E+00  0.00000E+00  0.00000E+00  0.00000E+00  0.00000E+00  0.00000E+00  0.00000E+00  0.00000E+00  0.00000E+00  0.00000E+00  0.00000E+00  0.00000E+00  0.00000E+00  0.00000E+00  0.00000E+00  0.00000E+00  0.00000E+00  0.00000E+00  0.00000E+00  0.00000E+00  0.00000E+00  0.00000E+00  0.00000E+00  0.00000E+00  0.00000E+00  0.00000E+00  0.00000E+00  0.00000E+00  0.00000E+00  0.00000E+00  0.00000E+00  0.00000E+00  0.00000E+00  0.00000E+00  0.00000E+00  0.00000E+00  0.00000E+00  0.00000E+00  0.00000E+00  0.00000E+00  0.00000E+00  0.00000E+00  0.00000E+00  0.00000E+00  0.00000E+00  0.00000E+00  0.00000E+00  0.00000E+00  0.00000E+00  0.00000E+00  0.00000E+00
 OMEGA(1,1)    9.81831E-02 -9.05872E-02  3.78301E-02  4.44133E-02  1.03037E-01  4.02718E-03  8.32095E-02  1.15105E-02  4.08270E-02  9.94280E-02  2.94448E-02  0.00000E+00  0.00000E+00  0.00000E+00  0.00000E+00  9.78345E-02 -3.31403E-01  3.14007E-02 -2.43229E-01  1.43948E-01  2.43348E-01  5.35212E-01 -1.47605E-01 -1.27175E-01  1.87509E-01 -2.66662E-01  2.92212E-02  2.56318E-02 -8.59241E-02  8.04542E-02 -6.06610E-02 -1.30370E-02 -6.69174E-02 -1.08286E-01 -1.23342E-01  1.95586E-01  1.79845E-01 -3.74548E-02  1.98890E-02  1.43618E-01 -4.46085E-02 -1.41792E-01  1.17127E-01  8.67934E-02 -5.86883E-02  5.01840E-02  8.99425E-02  7.19806E-02 -2.33808E-01  1.36042E-01  1.91599E-01  0.00000E+00  0.00000E+00  0.00000E+00  0.00000E+00  0.00000E+00  0.00000E+00  0.00000E+00  0.00000E+00  0.00000E+00  0.00000E+00  0.00000E+00  0.00000E+00  0.00000E+00  0.00000E+00  0.00000E+00  0.00000E+00  0.00000E+00  0.00000E+00  0.00000E+00  0.00000E+00  0.00000E+00  0.00000E+00  0.00000E+00  0.00000E+00  0.00000E+00  0.00000E+00  0.00000E+00  0.00000E+00  0.00000E+00  0.00000E+00
 OMEGA(2,1)   -1.74332E-01 -1.17601E-01  8.59029E-02 -5.98922E-02  1.56010E-01 -5.18072E-02 -1.96809E-03  3.94760E-03  1.84066E-03  5.67609E-02 -9.61740E-02  0.00000E+00  0.00000E+00  0.00000E+00  0.00000E+00 -3.31403E-01  6.98944E-02 -2.66216E-01 -1.91138E-02 -4.39742E-02 -2.60159E-02 -5.01319E-01  2.91471E-01 -8.62708E-02 -3.22719E-02  3.89405E-02 -1.14710E-01  1.11963E-01 -3.82214E-02 -7.87861E-03  7.37960E-02 -1.91765E-01  4.60313E-02  1.83640E-01 -3.13347E-03  5.28801E-02  2.13005E-01  7.73737E-02 -5.64653E-02 -7.59488E-02 -5.33881E-02 -1.02290E-01 -7.50063E-02 -1.91692E-01  2.44388E-01 -6.94065E-03 -5.12147E-02 -8.14690E-03  6.28610E-02 -2.32769E-02 -3.43324E-02  0.00000E+00  0.00000E+00  0.00000E+00  0.00000E+00  0.00000E+00  0.00000E+00  0.00000E+00  0.00000E+00  0.00000E+00  0.00000E+00  0.00000E+00  0.00000E+00  0.00000E+00  0.00000E+00  0.00000E+00  0.00000E+00  0.00000E+00  0.00000E+00  0.00000E+00  0.00000E+00  0.00000E+00  0.00000E+00  0.00000E+00  0.00000E+00  0.00000E+00  0.00000E+00  0.00000E+00  0.00000E+00  0.00000E+00  0.00000E+00
 OMEGA(2,2)    9.95722E-03 -9.67072E-02  1.99258E-02  7.15373E-02 -7.00157E-02  3.96620E-02 -1.09067E-01  2.26969E-02  1.41630E-02 -6.12843E-02  7.69650E-02  0.00000E+00  0.00000E+00  0.00000E+00  0.00000E+00  3.14007E-02 -2.66216E-01  1.03507E-01  5.44080E-02 -3.40725E-01  4.46220E-02  8.95627E-02 -5.08037E-01  1.88829E-01  1.82812E-01  1.74840E-02  8.65525E-02 -1.93635E-02 -4.97574E-02  4.28745E-02 -5.60985E-02  1.65282E-01 -4.94785E-02 -7.69309E-02  8.31804E-02 -2.23645E-02 -6.80173E-02  4.27811E-01 -1.68573E-01 -1.81811E-01  2.77636E-03  3.02781E-02  2.03661E-01  1.10902E-01 -1.31979E-01  4.08579E-02 -3.49408E-02 -3.54812E-03 -3.05711E-02 -1.25122E-02 -1.65175E-03  0.00000E+00  0.00000E+00  0.00000E+00  0.00000E+00  0.00000E+00  0.00000E+00  0.00000E+00  0.00000E+00  0.00000E+00  0.00000E+00  0.00000E+00  0.00000E+00  0.00000E+00  0.00000E+00  0.00000E+00  0.00000E+00  0.00000E+00  0.00000E+00  0.00000E+00  0.00000E+00  0.00000E+00  0.00000E+00  0.00000E+00  0.00000E+00  0.00000E+00  0.00000E+00  0.00000E+00  0.00000E+00  0.00000E+00  0.00000E+00
 OMEGA(3,1)    6.83706E-02  1.82046E-02 -1.50075E-01 -1.02944E-02 -1.46814E-01  6.74518E-02 -1.53445E-02 -3.33454E-02 -7.08656E-02 -7.87354E-02 -1.52524E-02  0.00000E+00  0.00000E+00  0.00000E+00  0.00000E+00 -2.43229E-01 -1.91138E-02  5.44080E-02  7.05094E-02 -3.09817E-01 -2.22098E-01  5.07949E-02 -3.81731E-02  4.43928E-01 -6.59963E-02  8.61034E-02  2.76038E-02 -1.57222E-01 -5.52316E-02 -1.52321E-01  8.31255E-03 -5.53563E-02  4.25102E-02  6.17275E-02  1.18967E-02 -1.69378E-01 -1.94680E-03 -8.67468E-03  3.81989E-02 -9.41201E-02  3.76448E-02  7.85777E-02 -1.64429E-01  1.22641E-01 -4.26491E-02  1.41435E-02 -1.01588E-01 -5.59499E-02  2.22258E-01 -1.28627E-01 -2.14679E-01  0.00000E+00  0.00000E+00  0.00000E+00  0.00000E+00  0.00000E+00  0.00000E+00  0.00000E+00  0.00000E+00  0.00000E+00  0.00000E+00  0.00000E+00  0.00000E+00  0.00000E+00  0.00000E+00  0.00000E+00  0.00000E+00  0.00000E+00  0.00000E+00  0.00000E+00  0.00000E+00  0.00000E+00  0.00000E+00  0.00000E+00  0.00000E+00  0.00000E+00  0.00000E+00  0.00000E+00  0.00000E+00  0.00000E+00  0.00000E+00
 OMEGA(3,2)   -2.82329E-02  5.99755E-02 -9.51342E-02 -1.00368E-01 -6.29440E-02  2.82922E-03  3.09367E-03 -5.35954E-02 -7.63857E-02  1.50112E-01 -1.06331E-01  0.00000E+00  0.00000E+00  0.00000E+00  0.00000E+00  1.43948E-01 -4.39742E-02 -3.40725E-01 -3.09817E-01  6.70102E-02 -7.74124E-02 -1.30583E-03  2.57368E-01 -4.57476E-01 -5.22212E-02 -6.27528E-02  2.47910E-01  2.34768E-02 -5.35520E-02  1.25585E-01  5.54325E-02  3.89779E-02  6.26984E-03  6.10233E-02  5.22701E-03 -1.49412E-02 -3.94287E-02 -2.25356E-01  4.23890E-01  1.74415E-01  2.24315E-01  4.49726E-02 -7.97549E-02 -3.51447E-03  1.38619E-01 -4.89325E-02  9.21213E-03 -2.43976E-02  7.68816E-02  1.37077E-01  1.52196E-02  0.00000E+00  0.00000E+00  0.00000E+00  0.00000E+00  0.00000E+00  0.00000E+00  0.00000E+00  0.00000E+00  0.00000E+00  0.00000E+00  0.00000E+00  0.00000E+00  0.00000E+00  0.00000E+00  0.00000E+00  0.00000E+00  0.00000E+00  0.00000E+00  0.00000E+00  0.00000E+00  0.00000E+00  0.00000E+00  0.00000E+00  0.00000E+00  0.00000E+00  0.00000E+00  0.00000E+00  0.00000E+00  0.00000E+00  0.00000E+00
 OMEGA(3,3)    3.88179E-02 -1.55966E-02  9.18337E-02  3.34009E-02  3.14956E-02 -2.20290E-02 -2.05524E-03  7.86637E-02  2.54167E-02  1.31094E-02 -6.16109E-02  0.00000E+00  0.00000E+00  0.00000E+00  0.00000E+00  2.43348E-01 -2.60159E-02  4.46220E-02 -2.22098E-01 -7.74124E-02  8.24482E-02  7.58752E-02 -3.76326E-02 -3.19098E-02  1.07911E-01 -7.48687E-02 -7.61859E-02  3.48121E-01  6.66625E-02  2.68393E-01  1.14467E-01  2.14333E-03 -1.10872E-02 -5.14798E-02 -2.61903E-02  1.26597E-01  8.31937E-04  1.61571E-01 -4.02682E-02  1.74039E-02  3.72378E-02 -9.08830E-02  2.54582E-01 -1.54128E-01  3.70539E-02  3.34546E-01  2.17080E-02  1.85382E-01 -1.58463E-01  9.00067E-02  1.44269E-01  0.00000E+00  0.00000E+00  0.00000E+00  0.00000E+00  0.00000E+00  0.00000E+00  0.00000E+00  0.00000E+00  0.00000E+00  0.00000E+00  0.00000E+00  0.00000E+00  0.00000E+00  0.00000E+00  0.00000E+00  0.00000E+00  0.00000E+00  0.00000E+00  0.00000E+00  0.00000E+00  0.00000E+00  0.00000E+00  0.00000E+00  0.00000E+00  0.00000E+00  0.00000E+00  0.00000E+00  0.00000E+00  0.00000E+00  0.00000E+00
 OMEGA(4,1)    1.31053E-01 -9.73493E-02  3.65903E-02 -1.68083E-02  4.00471E-02  1.40749E-02  4.37307E-03  1.54807E-02  3.55323E-03  5.99528E-02  6.04177E-02  0.00000E+00  0.00000E+00  0.00000E+00  0.00000E+00  5.35212E-01 -5.01319E-01  8.95627E-02  5.07949E-02 -1.30583E-03  7.58752E-02  8.43357E-02 -3.24545E-01 -4.94679E-02  3.43810E-01 -1.63772E-01  3.11183E-02 -2.01354E-01 -1.22203E-01  1.44766E-01 -1.14675E-01  4.47615E-02  6.88297E-02 -1.58765E-01  1.15893E-01  2.01618E-02  7.10249E-02 -9.23174E-02 -1.51701E-01  1.08076E-01 -6.46591E-02  2.55784E-02  8.89652E-02  3.20947E-01 -1.77229E-01 -1.53702E-01  2.46342E-01 -2.11338E-01  2.33129E-02 -7.58401E-03  4.25090E-03  0.00000E+00  0.00000E+00  0.00000E+00  0.00000E+00  0.00000E+00  0.00000E+00  0.00000E+00  0.00000E+00  0.00000E+00  0.00000E+00  0.00000E+00  0.00000E+00  0.00000E+00  0.00000E+00  0.00000E+00  0.00000E+00  0.00000E+00  0.00000E+00  0.00000E+00  0.00000E+00  0.00000E+00  0.00000E+00  0.00000E+00  0.00000E+00  0.00000E+00  0.00000E+00  0.00000E+00  0.00000E+00  0.00000E+00  0.00000E+00
 OMEGA(4,2)   -1.11201E-01 -3.16136E-02 -1.13941E-01 -9.50299E-02  1.33380E-02  3.20129E-03  8.59020E-02 -6.21507E-03 -2.07346E-02  4.13921E-02 -3.52478E-02  0.00000E+00  0.00000E+00  0.00000E+00  0.00000E+00 -1.47605E-01  2.91471E-01 -5.08037E-01 -3.81731E-02  2.57368E-01 -3.76326E-02 -3.24545E-01  9.23422E-02 -1.09206E-01 -4.50189E-01  2.14538E-04 -1.26461E-01  4.76111E-02  1.21028E-01 -1.09901E-01  7.58069E-02 -1.03905E-01  8.55242E-02  1.98294E-01 -7.49014E-02 -9.12443E-02  2.34463E-02 -2.27361E-01  1.82659E-01  3.69397E-01 -1.36732E-02  2.67648E-02 -2.40422E-01 -9.70504E-02  1.57350E-01 -4.46713E-02 -1.92709E-02 -1.26146E-03  1.51749E-01  3.79781E-02  4.04219E-03  0.00000E+00  0.00000E+00  0.00000E+00  0.00000E+00  0.00000E+00  0.00000E+00  0.00000E+00  0.00000E+00  0.00000E+00  0.00000E+00  0.00000E+00  0.00000E+00  0.00000E+00  0.00000E+00  0.00000E+00  0.00000E+00  0.00000E+00  0.00000E+00  0.00000E+00  0.00000E+00  0.00000E+00  0.00000E+00  0.00000E+00  0.00000E+00  0.00000E+00  0.00000E+00  0.00000E+00  0.00000E+00  0.00000E+00  0.00000E+00
 OMEGA(4,3)    2.72364E-02 -3.16390E-02 -1.79148E-01  1.94739E-01 -1.38132E-01  4.02331E-02 -5.79485E-02 -4.17118E-02  2.67819E-02 -1.03473E-01 -4.10910E-04  0.00000E+00  0.00000E+00  0.00000E+00  0.00000E+00 -1.27175E-01 -8.62708E-02  1.88829E-01  4.43928E-01 -4.57476E-01 -3.19098E-02 -4.94679E-02 -1.09206E-01  7.34056E-02 -1.51794E-01 -3.23131E-02  5.84156E-04 -2.72320E-02  3.54162E-02 -1.45829E-01  1.31332E-01  9.38483E-03 -1.00318E-01 -2.48567E-02 -5.74854E-02  3.12218E-02 -2.49223E-01  2.36146E-01 -6.17660E-02 -2.06997E-01  6.14056E-04  1.28566E-01  6.81647E-02 -9.82687E-02 -5.93384E-02  2.04721E-01 -9.54903E-03  1.06613E-01 -5.05273E-02 -9.19995E-02  2.37679E-02  0.00000E+00  0.00000E+00  0.00000E+00  0.00000E+00  0.00000E+00  0.00000E+00  0.00000E+00  0.00000E+00  0.00000E+00  0.00000E+00  0.00000E+00  0.00000E+00  0.00000E+00  0.00000E+00  0.00000E+00  0.00000E+00  0.00000E+00  0.00000E+00  0.00000E+00  0.00000E+00  0.00000E+00  0.00000E+00  0.00000E+00  0.00000E+00  0.00000E+00  0.00000E+00  0.00000E+00  0.00000E+00  0.00000E+00  0.00000E+00
 OMEGA(4,4)    1.10287E-01  3.56456E-02  1.24622E-01 -1.82146E-02  7.04241E-02 -3.63230E-02  5.29204E-03  5.44931E-02  1.01499E-01  7.35600E-02  9.26798E-02  0.00000E+00  0.00000E+00  0.00000E+00  0.00000E+00  1.87509E-01 -3.22719E-02  1.82812E-01 -6.59963E-02 -5.22212E-02  1.07911E-01  3.43810E-01 -4.50189E-01 -1.51794E-01  1.46327E-01 -2.26342E-02 -9.93294E-03 -5.11681E-02 -1.93781E-01  1.34166E-01 -6.50986E-02  4.93446E-02 -3.52217E-02 -7.81437E-02 -8.41271E-03  1.08259E-01  1.05498E-01  1.33895E-01 -1.26899E-01 -2.15211E-01  4.72506E-02 -9.26300E-02  1.92411E-01  1.33124E-01 -1.50697E-02 -3.38410E-02  2.63804E-01 -1.52141E-02 -3.97099E-02  5.84460E-02  1.08651E-01  0.00000E+00  0.00000E+00  0.00000E+00  0.00000E+00  0.00000E+00  0.00000E+00  0.00000E+00  0.00000E+00  0.00000E+00  0.00000E+00  0.00000E+00  0.00000E+00  0.00000E+00  0.00000E+00  0.00000E+00  0.00000E+00  0.00000E+00  0.00000E+00  0.00000E+00  0.00000E+00  0.00000E+00  0.00000E+00  0.00000E+00  0.00000E+00  0.00000E+00  0.00000E+00  0.00000E+00  0.00000E+00  0.00000E+00  0.00000E+00
 OMEGA(5,1)   -8.28108E-02  1.23541E-01  2.53343E-02 -6.83221E-02 -1.48906E-01  1.02754E-02  5.49077E-02  1.38856E-01  8.06640E-02 -6.78070E-02 -1.13854E-01  0.00000E+00  0.00000E+00  0.00000E+00  0.00000E+00 -2.66662E-01  3.89405E-02  1.74840E-02  8.61034E-02 -6.27528E-02 -7.48687E-02 -1.63772E-01  2.14538E-04 -3.23131E-02 -2.26342E-02  6.86016E-02 -3.26307E-01 -2.67675E-01  5.46568E-01 -1.88851E-01 -2.41783E-01  2.69152E-02  4.92724E-02  3.57882E-02  3.01379E-02 -1.58609E-01  5.97091E-02 -4.92852E-02  5.99797E-02  2.09028E-02  1.61228E-02  5.16524E-02 -1.33122E-02  1.34622E-01 -3.83671E-02 -6.22425E-02 -1.65106E-01  1.93621E-02  2.10235E-01 -3.66429E-02 -2.06150E-01  0.00000E+00  0.00000E+00  0.00000E+00  0.00000E+00  0.00000E+00  0.00000E+00  0.00000E+00  0.00000E+00  0.00000E+00  0.00000E+00  0.00000E+00  0.00000E+00  0.00000E+00  0.00000E+00  0.00000E+00  0.00000E+00  0.00000E+00  0.00000E+00  0.00000E+00  0.00000E+00  0.00000E+00  0.00000E+00  0.00000E+00  0.00000E+00  0.00000E+00  0.00000E+00  0.00000E+00  0.00000E+00  0.00000E+00  0.00000E+00
 OMEGA(5,2)    9.52992E-02  5.58270E-02 -1.34462E-01  6.06157E-02 -8.95677E-02  5.41554E-02 -1.66199E-02  7.59663E-02 -1.02477E-01 -3.68974E-02  7.49127E-03  0.00000E+00  0.00000E+00  0.00000E+00  0.00000E+00  2.92212E-02 -1.14710E-01  8.65525E-02  2.76038E-02  2.47910E-01 -7.61859E-02  3.11183E-02 -1.26461E-01  5.84156E-04 -9.93294E-03 -3.26307E-01  7.21739E-02  8.68600E-03 -5.05647E-01  2.07509E-01  1.64260E-02  7.26381E-02  2.55661E-03 -8.26138E-02 -2.79681E-02  3.64061E-02 -3.62503E-02 -3.99873E-02  1.06307E-01  4.13518E-02  4.48156E-01  7.66890E-02 -3.22815E-02 -1.57510E-02 -1.85402E-02 -2.34020E-03 -1.56376E-02 -5.62347E-02 -9.51725E-03  5.06400E-02  4.89584E-02  0.00000E+00  0.00000E+00  0.00000E+00  0.00000E+00  0.00000E+00  0.00000E+00  0.00000E+00  0.00000E+00  0.00000E+00  0.00000E+00  0.00000E+00  0.00000E+00  0.00000E+00  0.00000E+00  0.00000E+00  0.00000E+00  0.00000E+00  0.00000E+00  0.00000E+00  0.00000E+00  0.00000E+00  0.00000E+00  0.00000E+00  0.00000E+00  0.00000E+00  0.00000E+00  0.00000E+00  0.00000E+00  0.00000E+00  0.00000E+00
 OMEGA(5,3)   -7.29878E-02 -1.16905E-03  1.09228E-01 -5.81549E-02  1.93586E-01  3.88297E-02 -1.13419E-01 -2.52011E-02  5.31304E-02  2.74024E-02 -7.38758E-03  0.00000E+00  0.00000E+00  0.00000E+00  0.00000E+00  2.56318E-02  1.11963E-01 -1.93635E-02 -1.57222E-01  2.34768E-02  3.48121E-01 -2.01354E-01  4.76111E-02 -2.72320E-02 -5.11681E-02 -2.67675E-01  8.68600E-03  6.98029E-02 -1.31986E-01  3.31354E-01  5.66061E-02 -6.27230E-02  2.62018E-03 -5.37551E-03 -3.39258E-02  1.57889E-01  1.04775E-01  9.06926E-02  3.48181E-02 -2.89827E-03 -1.25956E-01 -1.92443E-01  1.31733E-01 -1.12282E-01  3.04230E-02  1.01692E-01  8.65166E-02  1.24983E-01 -1.63074E-01  9.27326E-02  1.51406E-01  0.00000E+00  0.00000E+00  0.00000E+00  0.00000E+00  0.00000E+00  0.00000E+00  0.00000E+00  0.00000E+00  0.00000E+00  0.00000E+00  0.00000E+00  0.00000E+00  0.00000E+00  0.00000E+00  0.00000E+00  0.00000E+00  0.00000E+00  0.00000E+00  0.00000E+00  0.00000E+00  0.00000E+00  0.00000E+00  0.00000E+00  0.00000E+00  0.00000E+00  0.00000E+00  0.00000E+00  0.00000E+00  0.00000E+00  0.00000E+00
 OMEGA(5,4)    7.35770E-02 -1.35038E-02 -7.01353E-02  9.56845E-02 -2.03876E-01 -6.12201E-02  5.10011E-02  4.15790E-02  2.11303E-02 -4.94054E-02 -8.18858E-02  0.00000E+00  0.00000E+00  0.00000E+00  0.00000E+00 -8.59241E-02 -3.82214E-02 -4.97574E-02 -5.52316E-02 -5.35520E-02  6.66625E-02 -1.22203E-01  1.21028E-01  3.54162E-02 -1.93781E-01  5.46568E-01 -5.05647E-01 -1.31986E-01  8.74948E-02 -2.78788E-01  6.96047E-02 -8.45926E-02 -5.82132E-02 -8.03548E-02 -8.79592E-02  1.36296E-02 -6.04868E-02 -3.03787E-02  5.10512E-02  1.03176E-01 -2.34006E-01 -8.41193E-02 -1.14626E-02 -7.57645E-02 -4.32022E-02  1.39879E-01 -5.24274E-02  2.20628E-01 -1.19358E-01  5.92175E-02  2.40318E-03  0.00000E+00  0.00000E+00  0.00000E+00  0.00000E+00  0.00000E+00  0.00000E+00  0.00000E+00  0.00000E+00  0.00000E+00  0.00000E+00  0.00000E+00  0.00000E+00  0.00000E+00  0.00000E+00  0.00000E+00  0.00000E+00  0.00000E+00  0.00000E+00  0.00000E+00  0.00000E+00  0.00000E+00  0.00000E+00  0.00000E+00  0.00000E+00  0.00000E+00  0.00000E+00  0.00000E+00  0.00000E+00  0.00000E+00  0.00000E+00
 OMEGA(5,5)   -1.53546E-01  9.48117E-03  8.06374E-02 -8.44844E-02  2.66310E-02  2.79757E-02 -8.34129E-02  3.29606E-03 -2.46810E-02  8.36967E-02 -9.90414E-04  0.00000E+00  0.00000E+00  0.00000E+00  0.00000E+00  8.04542E-02 -7.87861E-03  4.28745E-02 -1.52321E-01  1.25585E-01  2.68393E-01  1.44766E-01 -1.09901E-01 -1.45829E-01  1.34166E-01 -1.88851E-01  2.07509E-01  3.31354E-01 -2.78788E-01  8.33305E-02  9.20477E-02 -1.29045E-01 -4.19786E-02 -1.78171E-03  6.98476E-02  1.29606E-01  2.39028E-02  8.53057E-02 -7.09430E-02 -7.30421E-02  1.04565E-01 -7.21492E-02  1.87698E-01 -1.48015E-01  7.29751E-02  8.62069E-02  1.33879E-02 -6.13446E-02 -1.39867E-01 -1.39115E-02  5.07720E-02  0.00000E+00  0.00000E+00  0.00000E+00  0.00000E+00  0.00000E+00  0.00000E+00  0.00000E+00  0.00000E+00  0.00000E+00  0.00000E+00  0.00000E+00  0.00000E+00  0.00000E+00  0.00000E+00  0.00000E+00  0.00000E+00  0.00000E+00  0.00000E+00  0.00000E+00  0.00000E+00  0.00000E+00  0.00000E+00  0.00000E+00  0.00000E+00  0.00000E+00  0.00000E+00  0.00000E+00  0.00000E+00  0.00000E+00  0.00000E+00
 OMEGA(6,1)    5.01211E-02  9.98935E-03 -1.12680E-01  2.61104E-02 -1.29287E-01 -1.16632E-02 -8.41321E-03 -6.80602E-02 -5.39285E-02  1.30588E-02  5.61473E-02  0.00000E+00  0.00000E+00  0.00000E+00  0.00000E+00 -6.06610E-02  7.37960E-02 -5.60985E-02  8.31255E-03  5.54325E-02  1.14467E-01 -1.14675E-01  7.58069E-02  1.31332E-01 -6.50986E-02 -2.41783E-01  1.64260E-02  5.66061E-02  6.96047E-02  9.20477E-02  6.43838E-02 -1.88643E-01 -3.70603E-01  2.39150E-01 -3.57704E-01 -1.31711E-02 -1.95826E-01 -2.97094E-03  1.16223E-01  5.09507E-04  1.23775E-01 -1.96455E-03 -6.21237E-02 -4.59964E-01  1.29036E-01  4.04408E-01 -2.88060E-02  3.91064E-01 -2.63461E-01  1.40974E-01  2.43670E-01  0.00000E+00  0.00000E+00  0.00000E+00  0.00000E+00  0.00000E+00  0.00000E+00  0.00000E+00  0.00000E+00  0.00000E+00  0.00000E+00  0.00000E+00  0.00000E+00  0.00000E+00  0.00000E+00  0.00000E+00  0.00000E+00  0.00000E+00  0.00000E+00  0.00000E+00  0.00000E+00  0.00000E+00  0.00000E+00  0.00000E+00  0.00000E+00  0.00000E+00  0.00000E+00  0.00000E+00  0.00000E+00  0.00000E+00  0.00000E+00
 OMEGA(6,2)    2.75363E-02  4.81385E-02  3.40450E-02 -1.49435E-02  6.98231E-02 -4.53008E-02 -1.16066E-02 -3.38299E-02  1.12499E-02 -7.32350E-02  3.63731E-02  0.00000E+00  0.00000E+00  0.00000E+00  0.00000E+00 -1.30370E-02 -1.91765E-01  1.65282E-01 -5.53563E-02  3.89779E-02  2.14333E-03  4.47615E-02 -1.03905E-01  9.38483E-03  4.93446E-02  2.69152E-02  7.26381E-02 -6.27230E-02 -8.45926E-02 -1.29045E-01 -1.88643E-01  5.73086E-02 -6.35756E-02 -4.66125E-01  2.29350E-01  8.10817E-02 -1.52682E-02 -1.46206E-01  1.66858E-02  9.81167E-02  1.00858E-01  2.32396E-01 -1.45601E-02  1.08102E-01 -1.83871E-01  3.55474E-02  1.19735E-01 -3.14466E-02 -4.72408E-03 -7.95478E-02 -1.63397E-03  0.00000E+00  0.00000E+00  0.00000E+00  0.00000E+00  0.00000E+00  0.00000E+00  0.00000E+00  0.00000E+00  0.00000E+00  0.00000E+00  0.00000E+00  0.00000E+00  0.00000E+00  0.00000E+00  0.00000E+00  0.00000E+00  0.00000E+00  0.00000E+00  0.00000E+00  0.00000E+00  0.00000E+00  0.00000E+00  0.00000E+00  0.00000E+00  0.00000E+00  0.00000E+00  0.00000E+00  0.00000E+00  0.00000E+00  0.00000E+00
 OMEGA(6,3)    1.87114E-02  1.54264E-02  2.49074E-03 -4.32310E-02  5.02194E-02  1.06221E-01  6.62207E-02  4.25207E-02 -3.04261E-02  5.70076E-02  7.91274E-02  0.00000E+00  0.00000E+00  0.00000E+00  0.00000E+00 -6.69174E-02  4.60313E-02 -4.94785E-02  4.25102E-02  6.26984E-03 -1.10872E-02  6.88297E-02  8.55242E-02 -1.00318E-01 -3.52217E-02  4.92724E-02  2.55661E-03  2.62018E-03 -5.82132E-02 -4.19786E-02 -3.70603E-01 -6.35756E-02  5.32338E-02  8.21868E-02  2.92328E-01 -2.68775E-02  1.61064E-01 -2.43844E-02 -2.47991E-01  1.02242E-01 -1.82477E-01 -5.01889E-02  6.79365E-04  3.27387E-01  3.95507E-02 -5.11130E-01 -1.15416E-02 -2.88593E-01  2.63037E-01 -4.12599E-02 -1.90472E-01  0.00000E+00  0.00000E+00  0.00000E+00  0.00000E+00  0.00000E+00  0.00000E+00  0.00000E+00  0.00000E+00  0.00000E+00  0.00000E+00  0.00000E+00  0.00000E+00  0.00000E+00  0.00000E+00  0.00000E+00  0.00000E+00  0.00000E+00  0.00000E+00  0.00000E+00  0.00000E+00  0.00000E+00  0.00000E+00  0.00000E+00  0.00000E+00  0.00000E+00  0.00000E+00  0.00000E+00  0.00000E+00  0.00000E+00  0.00000E+00
 OMEGA(6,4)   -5.23377E-02 -1.21991E-02  5.39901E-03 -3.10291E-02 -3.58472E-02  9.41354E-02  2.88631E-02 -4.20381E-03 -1.52723E-02  5.50794E-02 -7.68819E-02  0.00000E+00  0.00000E+00  0.00000E+00  0.00000E+00 -1.08286E-01  1.83640E-01 -7.69309E-02  6.17275E-02  6.10233E-02 -5.14798E-02 -1.58765E-01  1.98294E-01 -2.48567E-02 -7.81437E-02  3.57882E-02 -8.26138E-02 -5.37551E-03 -8.03548E-02 -1.78171E-03  2.39150E-01 -4.66125E-01  8.21868E-02  7.05112E-02 -1.35482E-01 -2.59153E-01  2.92954E-02  6.80699E-02  3.65017E-02 -1.50358E-01 -1.10132E-01 -1.18572E-01 -4.26945E-02 -4.79832E-02  1.63478E-01 -5.44380E-02 -1.65602E-01 -8.46840E-02  3.56252E-01 -6.74437E-02 -1.42563E-01  0.00000E+00  0.00000E+00  0.00000E+00  0.00000E+00  0.00000E+00  0.00000E+00  0.00000E+00  0.00000E+00  0.00000E+00  0.00000E+00  0.00000E+00  0.00000E+00  0.00000E+00  0.00000E+00  0.00000E+00  0.00000E+00  0.00000E+00  0.00000E+00  0.00000E+00  0.00000E+00  0.00000E+00  0.00000E+00  0.00000E+00  0.00000E+00  0.00000E+00  0.00000E+00  0.00000E+00  0.00000E+00  0.00000E+00  0.00000E+00
 OMEGA(6,5)   -9.50197E-02 -2.07403E-02  2.78785E-02 -1.74489E-02  2.00076E-02  7.19393E-02 -1.00692E-01 -7.19342E-02 -2.95824E-02 -4.15866E-02 -9.16305E-02  0.00000E+00  0.00000E+00  0.00000E+00  0.00000E+00 -1.23342E-01 -3.13347E-03  8.31804E-02  1.18967E-02  5.22701E-03 -2.61903E-02  1.15893E-01 -7.49014E-02 -5.74854E-02 -8.41271E-03  3.01379E-02 -2.79681E-02 -3.39258E-02 -8.79592E-02  6.98476E-02 -3.57704E-01  2.29350E-01  2.92328E-01 -1.35482E-01  5.76353E-02 -2.66389E-01  6.87206E-02  1.09665E-01 -2.06191E-01 -1.10348E-01 -1.91930E-01  1.70618E-01  1.49500E-01  2.84760E-01 -8.89827E-02 -2.42319E-01 -2.99004E-02 -4.71117E-01  3.23661E-01 -1.58305E-01 -2.87380E-01  0.00000E+00  0.00000E+00  0.00000E+00  0.00000E+00  0.00000E+00  0.00000E+00  0.00000E+00  0.00000E+00  0.00000E+00  0.00000E+00  0.00000E+00  0.00000E+00  0.00000E+00  0.00000E+00  0.00000E+00  0.00000E+00  0.00000E+00  0.00000E+00  0.00000E+00  0.00000E+00  0.00000E+00  0.00000E+00  0.00000E+00  0.00000E+00  0.00000E+00  0.00000E+00  0.00000E+00  0.00000E+00  0.00000E+00  0.00000E+00
 OMEGA(6,6)   -1.40296E-02  1.01966E-02  4.23688E-02  4.84930E-02  7.61190E-02  1.08693E-01 -2.96172E-02 -1.99563E-02  6.15392E-02  1.20272E-01  7.49426E-02  0.00000E+00  0.00000E+00  0.00000E+00  0.00000E+00  1.95586E-01  5.28801E-02 -2.23645E-02 -1.69378E-01 -1.49412E-02  1.26597E-01  2.01618E-02 -9.12443E-02  3.12218E-02  1.08259E-01 -1.58609E-01  3.64061E-02  1.57889E-01  1.36296E-02  1.29606E-01 -1.31711E-02  8.10817E-02 -2.68775E-02 -2.59153E-01 -2.66389E-01  7.39724E-02 -8.35178E-03  6.08880E-03 -2.29114E-02 -6.05012E-02  6.92284E-02 -2.75016E-01  6.92176E-02 -1.89690E-01  5.35264E-02  1.26400E-01  1.40216E-01  2.29339E-01 -4.75941E-01  7.09033E-02  2.69927E-01  0.00000E+00  0.00000E+00  0.00000E+00  0.00000E+00  0.00000E+00  0.00000E+00  0.00000E+00  0.00000E+00  0.00000E+00  0.00000E+00  0.00000E+00  0.00000E+00  0.00000E+00  0.00000E+00  0.00000E+00  0.00000E+00  0.00000E+00  0.00000E+00  0.00000E+00  0.00000E+00  0.00000E+00  0.00000E+00  0.00000E+00  0.00000E+00  0.00000E+00  0.00000E+00  0.00000E+00  0.00000E+00  0.00000E+00  0.00000E+00
