TABLE NO.     1: NUTS Bayesian Analysis: Problem=1 Subproblem=0 Superproblem1=0 Iteration1=0 Superproblem2=0 Iteration2=0
 NAME         THETA1       THETA2       THETA3       THETA4       THETA5       THETA6       THETA7       THETA8       THETA9       THETA10      THETA11      THETA12      SIGMA(1,1)   SIGMA(2,1)   SIGMA(2,2)   OMEGA(1,1)   OMEGA(2,1)   OMEGA(2,2)   OMEGA(3,1)   OMEGA(3,2)   OMEGA(3,3)   OMEGA(4,1)   OMEGA(4,2)   OMEGA(4,3)   OMEGA(4,4)   OMEGA(5,1)   OMEGA(5,2)   OMEGA(5,3)   OMEGA(5,4)   OMEGA(5,5)   OMEGA(6,1)   OMEGA(6,2)   OMEGA(6,3)   OMEGA(6,4)   OMEGA(6,5)   OMEGA(6,6)   OMEGA(7,1)   OMEGA(7,2)   OMEGA(7,3)   OMEGA(7,4)   OMEGA(7,5)   OMEGA(7,6)   OMEGA(7,7)   OMEGA(8,1)   OMEGA(8,2)   OMEGA(8,3)   OMEGA(8,4)   OMEGA(8,5)   OMEGA(8,6)   OMEGA(8,7)   OMEGA(8,8)   OMEGA(9,1)   OMEGA(9,2)   OMEGA(9,3)   OMEGA(9,4)   OMEGA(9,5)   OMEGA(9,6)   OMEGA(9,7)   OMEGA(9,8)   OMEGA(9,9)   OMEGA(10,1)  OMEGA(10,2)  OMEGA(10,3)  OMEGA(10,4)  OMEGA(10,5)  OMEGA(10,6)  OMEGA(10,7)  OMEGA(10,8)  OMEGA(10,9)  OMEGA(10,10) OMEGA(11,1)  OMEGA(11,2)  OMEGA(11,3)  OMEGA(11,4)  OMEGA(11,5)  OMEGA(11,6)  OMEGA(11,7)  OMEGA(11,8)  OMEGA(11,9)  OMEGA(11,10) OMEGA(11,11)
 THETA1        8.03304E+01  1.05433E+01 -5.95198E+00 -9.63802E+00  7.14124E+00  5.78525E+00 -1.14578E+01 -9.91250E+00 -8.71113E+00 -1.00534E+01 -1.66959E+01  0.00000E+00  0.00000E+00  0.00000E+00  0.00000E+00  2.84926E+00  1.77657E+01  8.44518E+00 -1.94465E+01  3.33869E+00  2.50334E+00 -7.30294E+00  6.30482E+00  1.37651E+01 -1.07975E+01  2.86297E+01 -2.67079E+01 -1.20633E+01 -2.37751E+01  2.79786E+01  1.87884E+00 -9.82514E+00 -1.90942E+01 -8.23103E+00  4.73895E+00  1.46513E+01  1.43445E+01  2.06451E+01  1.00114E+01 -4.08680E+00 -6.59387E+00  4.54754E+00 -1.84900E+01 -1.70300E+01 -3.23341E+01 -2.47849E+01  7.18685E+00 -1.26636E+01  2.37882E+01  2.11163E+01  4.84792E+00  0.00000E+00  0.00000E+00  0.00000E+00  0.00000E+00  0.00000E+00  0.00000E+00  0.00000E+00  0.00000E+00  0.00000E+00  0.00000E+00  0.00000E+00  0.00000E+00  0.00000E+00  0.00000E+00  0.00000E+00  0.00000E+00  0.00000E+00  0.00000E+00  0.00000E+00  0.00000E+00  0.00000E+00  0.00000E+00  0.00000E+00  0.00000E+00  0.00000E+00  0.00000E+00  0.00000E+00  0.00000E+00  0.00000E+00  0.00000E+00
 THETA2        1.05433E+01  5.50955E+01  1.31901E+01  1.24327E+01 -6.09315E+00  6.37374E-01 -1.55619E+01 -2.25687E+00 -5.64116E-01 -6.87748E-01  1.47243E+01  0.00000E+00  0.00000E+00  0.00000E+00  0.00000E+00  3.75156E+00  4.90981E+01  2.48057E+01 -1.45200E+00  1.33662E+01 -3.65360E+00  3.42302E+01  2.40032E+01  6.59356E+00 -6.69497E+00 -1.52771E+01 -6.74350E+00  1.04014E+00  3.27341E+00 -5.49862E+00 -8.15261E+00 -2.94072E+00 -3.20744E+00 -5.07672E+00 -1.47272E+01 -1.42670E+01  1.99887E+00 -1.50022E+01  1.02027E+00 -6.00666E+00 -5.47082E-01 -1.08942E+01  1.72648E+01 -1.24895E+00 -4.68521E+00  4.06340E+00 -8.08919E+00 -1.34144E+01 -1.78573E+01 -1.20864E+01 -4.77503E+00  0.00000E+00  0.00000E+00  0.00000E+00  0.00000E+00  0.00000E+00  0.00000E+00  0.00000E+00  0.00000E+00  0.00000E+00  0.00000E+00  0.00000E+00  0.00000E+00  0.00000E+00  0.00000E+00  0.00000E+00  0.00000E+00  0.00000E+00  0.00000E+00  0.00000E+00  0.00000E+00  0.00000E+00  0.00000E+00  0.00000E+00  0.00000E+00  0.00000E+00  0.00000E+00  0.00000E+00  0.00000E+00  0.00000E+00  0.00000E+00
 THETA3       -5.95198E+00  1.31901E+01  4.87145E+01  4.00646E-01 -2.76498E+01 -1.61961E+00 -1.01305E+00 -6.06699E+00  4.12086E+00 -4.67017E+00  9.26016E+00  0.00000E+00  0.00000E+00  0.00000E+00  0.00000E+00  2.64832E+00  1.65162E+01  1.14181E+00 -1.08091E+00  2.80582E+00 -9.86507E+00  1.54105E+01  1.94985E+01  1.45304E+01 -5.86551E-01 -1.82355E+01  1.60799E+01 -2.79107E+00  1.53943E+00 -5.82124E+00  3.47936E+00  1.54295E+00  1.63588E+01 -9.94784E+00 -4.19416E+00 -3.02445E+00 -7.11631E-01  9.24396E+00  2.17969E+01 -1.76461E+00 -1.47900E+01 -5.61801E+00  5.81627E+00  1.01075E+01 -1.32380E+01  1.10465E+01 -6.98263E+00  1.47560E+01  5.93415E-01  7.21264E+00 -7.38977E+00  0.00000E+00  0.00000E+00  0.00000E+00  0.00000E+00  0.00000E+00  0.00000E+00  0.00000E+00  0.00000E+00  0.00000E+00  0.00000E+00  0.00000E+00  0.00000E+00  0.00000E+00  0.00000E+00  0.00000E+00  0.00000E+00  0.00000E+00  0.00000E+00  0.00000E+00  0.00000E+00  0.00000E+00  0.00000E+00  0.00000E+00  0.00000E+00  0.00000E+00  0.00000E+00  0.00000E+00  0.00000E+00  0.00000E+00  0.00000E+00
 THETA4       -9.63802E+00  1.24327E+01  4.00646E-01  4.43027E+01  4.42994E+00  5.15745E+00  4.81227E+00 -8.75437E+00  6.61530E+00  7.10325E+00  1.05311E+01  0.00000E+00  0.00000E+00  0.00000E+00  0.00000E+00 -3.03040E+00  1.78560E+01  1.10942E+01  1.56237E+01  1.74085E+01 -1.85273E+00  1.78261E+01  1.37949E+01 -2.04289E+01 -1.67805E+00  1.88818E+01 -6.02562E+00  1.10102E+01 -1.39880E+01 -1.72214E+00  5.18238E+00  7.89764E-02 -1.18552E-01 -1.13592E+01 -1.41877E+01 -1.16358E+01 -1.78875E+01 -1.94632E+01 -1.81104E+01 -3.80037E+00 -2.46624E+00 -1.98201E+01  1.32825E+01  6.13723E+00 -3.94385E+00  1.01172E+01 -1.00490E+01 -5.02136E+00  2.15339E+00 -1.04070E+01  5.99816E+00  0.00000E+00  0.00000E+00  0.00000E+00  0.00000E+00  0.00000E+00  0.00000E+00  0.00000E+00  0.00000E+00  0.00000E+00  0.00000E+00  0.00000E+00  0.00000E+00  0.00000E+00  0.00000E+00  0.00000E+00  0.00000E+00  0.00000E+00  0.00000E+00  0.00000E+00  0.00000E+00  0.00000E+00  0.00000E+00  0.00000E+00  0.00000E+00  0.00000E+00  0.00000E+00  0.00000E+00  0.00000E+00  0.00000E+00  0.00000E+00
 THETA5        7.14124E+00 -6.09315E+00 -2.76498E+01  4.42994E+00  4.95097E+01  4.73299E+00 -5.93558E+00  7.96533E+00 -3.78728E+00 -2.77979E+00 -9.56809E+00  0.00000E+00  0.00000E+00  0.00000E+00  0.00000E+00 -6.79089E+00 -2.28362E+01 -7.65850E-01  1.46184E+01  1.88037E+01  7.87910E+00 -1.29428E+01 -4.26297E+00 -3.47944E+00  2.49613E+00  1.24437E+01  2.96153E-02 -1.63125E+01  1.67902E+01  1.20777E+01  7.66635E+00 -8.50284E+00 -6.84564E+00  4.79420E+00  4.67774E+00  3.09387E+00  9.73436E-01  8.03744E+00 -1.87560E+01 -6.79485E+00  1.03736E+01  1.06674E+01 -7.77336E+00 -3.86423E+00 -1.90920E+01 -8.91893E+00 -1.55184E+01 -2.62951E+00  8.29395E+00  3.45919E-01  1.74366E+01  0.00000E+00  0.00000E+00  0.00000E+00  0.00000E+00  0.00000E+00  0.00000E+00  0.00000E+00  0.00000E+00  0.00000E+00  0.00000E+00  0.00000E+00  0.00000E+00  0.00000E+00  0.00000E+00  0.00000E+00  0.00000E+00  0.00000E+00  0.00000E+00  0.00000E+00  0.00000E+00  0.00000E+00  0.00000E+00  0.00000E+00  0.00000E+00  0.00000E+00  0.00000E+00  0.00000E+00  0.00000E+00  0.00000E+00  0.00000E+00
 THETA6        5.78525E+00  6.37374E-01 -1.61961E+00  5.15745E+00  4.73299E+00  1.05713E+02  1.12114E+01  4.12144E+00 -4.18834E+01  1.11194E+01  1.23665E+01  0.00000E+00  0.00000E+00  0.00000E+00  0.00000E+00 -4.94673E+00  2.31132E+01 -3.09503E+00 -1.05315E+01  3.47038E+00 -1.00827E+01  7.27196E+00 -8.81489E-01 -7.90008E+00  4.71329E-01 -1.23737E+01 -1.07957E+01  6.82329E-01  8.47233E+00  4.35120E+00 -3.24880E+01  9.10209E+00 -1.53473E+01 -1.42451E+01 -3.61025E+01 -3.36736E+01 -8.51755E+00 -1.19725E+01 -2.98492E+01 -9.00870E+00 -7.00405E+00  3.87368E+01  1.62375E+01  1.12930E+01  1.90045E+01  4.30327E+01  6.80718E+00  1.36962E+01  8.57519E-02  2.71863E+01 -5.57059E+00  0.00000E+00  0.00000E+00  0.00000E+00  0.00000E+00  0.00000E+00  0.00000E+00  0.00000E+00  0.00000E+00  0.00000E+00  0.00000E+00  0.00000E+00  0.00000E+00  0.00000E+00  0.00000E+00  0.00000E+00  0.00000E+00  0.00000E+00  0.00000E+00  0.00000E+00  0.00000E+00  0.00000E+00  0.00000E+00  0.00000E+00  0.00000E+00  0.00000E+00  0.00000E+00  0.00000E+00  0.00000E+00  0.00000E+00  0.00000E+00
 THETA7       -1.14578E+01 -1.55619E+01 -1.01305E+00  4.81227E+00 -5.93558E+00  1.12114E+01  8.45141E+01 -4.73167E+00  9.14427E+00  3.88602E+00  1.07814E+01  0.00000E+00  0.00000E+00  0.00000E+00  0.00000E+00 -9.81795E+00  3.63185E-01  2.02474E+00  8.76815E+00  1.48315E+01 -6.56520E+00 -3.05413E+00 -1.97218E+01 -5.77936E+00 -1.75922E+00  4.31719E+00 -1.62841E+00  2.41490E+01 -9.13719E+00 -2.48296E+00 -4.79669E+00 -4.83472E+00 -2.18598E+01 -5.09887E+00  9.34089E+00  8.70948E+00 -3.19770E+01 -7.27019E+00 -2.88695E+01  1.99093E+01 -8.99367E+00 -3.86232E+00  9.08674E+00  1.06023E+01  2.62703E+01  3.10786E+01  7.09877E+00 -1.10884E+01  1.99643E+01  7.74245E+00 -9.50486E-01  0.00000E+00  0.00000E+00  0.00000E+00  0.00000E+00  0.00000E+00  0.00000E+00  0.00000E+00  0.00000E+00  0.00000E+00  0.00000E+00  0.00000E+00  0.00000E+00  0.00000E+00  0.00000E+00  0.00000E+00  0.00000E+00  0.00000E+00  0.00000E+00  0.00000E+00  0.00000E+00  0.00000E+00  0.00000E+00  0.00000E+00  0.00000E+00  0.00000E+00  0.00000E+00  0.00000E+00  0.00000E+00  0.00000E+00  0.00000E+00
 THETA8       -9.91250E+00 -2.25687E+00 -6.06699E+00 -8.75437E+00  7.96533E+00  4.12144E+00 -4.73167E+00  6.86785E+01 -5.17622E+00 -2.04093E+00  3.32713E+00  0.00000E+00  0.00000E+00  0.00000E+00  0.00000E+00 -5.64744E+00 -1.52898E+01 -4.31493E+00  9.52331E+00  1.31285E+01  8.89751E+00 -1.96325E+00  4.86770E-01  8.74632E+00 -2.31101E+00 -2.94736E+01 -9.39029E+00 -1.13735E+01  1.00643E+01  1.25727E+00  7.82698E+00  1.63403E+01 -1.99230E+01  7.63374E+00  1.09210E+01  2.78771E+00  2.07807E+01  7.34649E+00  1.62270E+01 -3.41619E+01 -1.93884E+01  3.15603E+01 -1.04294E+01 -2.75391E+00  3.44518E+00 -4.63548E+01 -6.21887E+00  7.41042E+00 -3.25584E+01  2.70443E+01 -5.89724E+00  0.00000E+00  0.00000E+00  0.00000E+00  0.00000E+00  0.00000E+00  0.00000E+00  0.00000E+00  0.00000E+00  0.00000E+00  0.00000E+00  0.00000E+00  0.00000E+00  0.00000E+00  0.00000E+00  0.00000E+00  0.00000E+00  0.00000E+00  0.00000E+00  0.00000E+00  0.00000E+00  0.00000E+00  0.00000E+00  0.00000E+00  0.00000E+00  0.00000E+00  0.00000E+00  0.00000E+00  0.00000E+00  0.00000E+00  0.00000E+00
 THETA9       -8.71113E+00 -5.64116E-01  4.12086E+00  6.61530E+00 -3.78728E+00 -4.18834E+01  9.14427E+00 -5.17622E+00  1.62927E+02 -3.57479E+01 -2.53858E+01  0.00000E+00  0.00000E+00  0.00000E+00  0.00000E+00 -2.18246E-01  8.54326E+00  4.89871E-01  2.02736E+01  1.30419E+01 -4.71642E-01  2.97046E+00 -1.24431E+00 -2.17952E+01 -8.89786E+00 -2.47552E+01  1.50545E+01 -7.56985E+00  8.23757E+00  1.37529E+01  2.76945E+01 -1.22961E+00  3.13144E+01 -5.65533E+00  2.42934E+00  1.63685E+01 -2.60362E+01  9.43244E+00 -4.84423E+00 -1.35768E+01 -2.29865E+00 -6.24178E+00 -2.42150E+01  4.20083E+01 -2.95873E+01  2.24212E+01 -2.67929E+01 -3.88318E+00  3.14613E+01  9.52556E+00  1.46219E+01  0.00000E+00  0.00000E+00  0.00000E+00  0.00000E+00  0.00000E+00  0.00000E+00  0.00000E+00  0.00000E+00  0.00000E+00  0.00000E+00  0.00000E+00  0.00000E+00  0.00000E+00  0.00000E+00  0.00000E+00  0.00000E+00  0.00000E+00  0.00000E+00  0.00000E+00  0.00000E+00  0.00000E+00  0.00000E+00  0.00000E+00  0.00000E+00  0.00000E+00  0.00000E+00  0.00000E+00  0.00000E+00  0.00000E+00  0.00000E+00
 THETA10      -1.00534E+01 -6.87748E-01 -4.67017E+00  7.10325E+00 -2.77979E+00  1.11194E+01  3.88602E+00 -2.04093E+00 -3.57479E+01  5.74878E+02  2.03674E+01  0.00000E+00  0.00000E+00  0.00000E+00  0.00000E+00 -3.10668E+00 -2.11526E+01 -1.23241E+01 -5.03944E+00 -8.03815E+01 -1.55980E+00 -1.87034E+01 -2.45163E+01 -1.55176E+00 -1.71690E+00  1.12370E+01  3.37167E+01  2.45935E+01  2.27031E+01 -2.43273E+01  2.19143E+00  2.33031E+01 -4.26676E+01 -2.35551E+01  1.71184E+01 -5.17183E+01 -2.69928E+01 -1.26588E+01  6.42225E+00  4.32062E+01  3.36260E+01 -6.93046E+01  2.60938E+01  6.46299E+00  5.75256E+01 -7.23975E+00 -9.63969E+00 -4.60668E+00  3.64866E+01 -1.00520E+02  2.82742E+01  0.00000E+00  0.00000E+00  0.00000E+00  0.00000E+00  0.00000E+00  0.00000E+00  0.00000E+00  0.00000E+00  0.00000E+00  0.00000E+00  0.00000E+00  0.00000E+00  0.00000E+00  0.00000E+00  0.00000E+00  0.00000E+00  0.00000E+00  0.00000E+00  0.00000E+00  0.00000E+00  0.00000E+00  0.00000E+00  0.00000E+00  0.00000E+00  0.00000E+00  0.00000E+00  0.00000E+00  0.00000E+00  0.00000E+00  0.00000E+00
 THETA11      -1.66959E+01  1.47243E+01  9.26016E+00  1.05311E+01 -9.56809E+00  1.23665E+01  1.07814E+01  3.32713E+00 -2.53858E+01  2.03674E+01  3.46131E+02  0.00000E+00  0.00000E+00  0.00000E+00  0.00000E+00 -1.00159E+01  6.21754E+01  1.52736E+01  1.31336E+01  6.67484E+01  1.05812E+01  2.99308E+01 -1.71409E+01  3.13897E+01 -6.93186E+00 -1.50236E+00  1.02983E+00  2.31337E+01  1.90971E+01 -3.45496E+01 -6.89373E+01 -1.97865E+01 -6.15701E+01  3.83511E+01  4.67509E+01 -3.96728E+01 -4.92831E+00 -7.45354E+01 -1.67557E+01  4.72880E+01  3.77560E+01 -5.57969E+01  6.89970E+01  9.19253E+00  7.04138E+01  5.62814E+01 -1.32127E+01  1.42402E+00 -5.88108E+01 -9.77885E+01 -1.03464E+01  0.00000E+00  0.00000E+00  0.00000E+00  0.00000E+00  0.00000E+00  0.00000E+00  0.00000E+00  0.00000E+00  0.00000E+00  0.00000E+00  0.00000E+00  0.00000E+00  0.00000E+00  0.00000E+00  0.00000E+00  0.00000E+00  0.00000E+00  0.00000E+00  0.00000E+00  0.00000E+00  0.00000E+00  0.00000E+00  0.00000E+00  0.00000E+00  0.00000E+00  0.00000E+00  0.00000E+00  0.00000E+00  0.00000E+00  0.00000E+00
 THETA12       0.00000E+00  0.00000E+00  0.00000E+00  0.00000E+00  0.00000E+00  0.00000E+00  0.00000E+00  0.00000E+00  0.00000E+00  0.00000E+00  0.00000E+00  0.00000E+00  0.00000E+00  0.00000E+00  0.00000E+00  0.00000E+00  0.00000E+00  0.00000E+00  0.00000E+00  0.00000E+00  0.00000E+00  0.00000E+00  0.00000E+00  0.00000E+00  0.00000E+00  0.00000E+00  0.00000E+00  0.00000E+00  0.00000E+00  0.00000E+00  0.00000E+00  0.00000E+00  0.00000E+00  0.00000E+00  0.00000E+00  0.00000E+00  0.00000E+00  0.00000E+00  0.00000E+00  0.00000E+00  0.00000E+00  0.00000E+00  0.00000E+00  0.00000E+00  0.00000E+00  0.00000E+00  0.00000E+00  0.00000E+00  0.00000E+00  0.00000E+00  0.00000E+00  0.00000E+00  0.00000E+00  0.00000E+00  0.00000E+00  0.00000E+00  0.00000E+00  0.00000E+00  0.00000E+00  0.00000E+00  0.00000E+00  0.00000E+00  0.00000E+00  0.00000E+00  0.00000E+00  0.00000E+00  0.00000E+00  0.00000E+00  0.00000E+00  0.00000E+00  0.00000E+00  0.00000E+00  0.00000E+00  0.00000E+00  0.00000E+00  0.00000E+00  0.00000E+00  0.00000E+00  0.00000E+00  0.00000E+00  0.00000E+00
 SIGMA(1,1)    0.00000E+00  0.00000E+00  0.00000E+00  0.00000E+00  0.00000E+00  0.00000E+00  0.00000E+00  0.00000E+00  0.00000E+00  0.00000E+00  0.00000E+00  0.00000E+00  0.00000E+00  0.00000E+00  0.00000E+00  0.00000E+00  0.00000E+00  0.00000E+00  0.00000E+00  0.00000E+00  0.00000E+00  0.00000E+00  0.00000E+00  0.00000E+00  0.00000E+00  0.00000E+00  0.00000E+00  0.00000E+00  0.00000E+00  0.00000E+00  0.00000E+00  0.00000E+00  0.00000E+00  0.00000E+00  0.00000E+00  0.00000E+00  0.00000E+00  0.00000E+00  0.00000E+00  0.00000E+00  0.00000E+00  0.00000E+00  0.00000E+00  0.00000E+00  0.00000E+00  0.00000E+00  0.00000E+00  0.00000E+00  0.00000E+00  0.00000E+00  0.00000E+00  0.00000E+00  0.00000E+00  0.00000E+00  0.00000E+00  0.00000E+00  0.00000E+00  0.00000E+00  0.00000E+00  0.00000E+00  0.00000E+00  0.00000E+00  0.00000E+00  0.00000E+00  0.00000E+00  0.00000E+00  0.00000E+00  0.00000E+00  0.00000E+00  0.00000E+00  0.00000E+00  0.00000E+00  0.00000E+00  0.00000E+00  0.00000E+00  0.00000E+00  0.00000E+00  0.00000E+00  0.00000E+00  0.00000E+00  0.00000E+00
 SIGMA(2,1)    0.00000E+00  0.00000E+00  0.00000E+00  0.00000E+00  0.00000E+00  0.00000E+00  0.00000E+00  0.00000E+00  0.00000E+00  0.00000E+00  0.00000E+00  0.00000E+00  0.00000E+00  0.00000E+00  0.00000E+00  0.00000E+00  0.00000E+00  0.00000E+00  0.00000E+00  0.00000E+00  0.00000E+00  0.00000E+00  0.00000E+00  0.00000E+00  0.00000E+00  0.00000E+00  0.00000E+00  0.00000E+00  0.00000E+00  0.00000E+00  0.00000E+00  0.00000E+00  0.00000E+00  0.00000E+00  0.00000E+00  0.00000E+00  0.00000E+00  0.00000E+00  0.00000E+00  0.00000E+00  0.00000E+00  0.00000E+00  0.00000E+00  0.00000E+00  0.00000E+00  0.00000E+00  0.00000E+00  0.00000E+00  0.00000E+00  0.00000E+00  0.00000E+00  0.00000E+00  0.00000E+00  0.00000E+00  0.00000E+00  0.00000E+00  0.00000E+00  0.00000E+00  0.00000E+00  0.00000E+00  0.00000E+00  0.00000E+00  0.00000E+00  0.00000E+00  0.00000E+00  0.00000E+00  0.00000E+00  0.00000E+00  0.00000E+00  0.00000E+00  0.00000E+00  0.00000E+00  0.00000E+00  0.00000E+00  0.00000E+00  0.00000E+00  0.00000E+00  0.00000E+00  0.00000E+00  0.00000E+00  0.00000E+00
 SIGMA(2,2)    0.00000E+00  0.00000E+00  0.00000E+00  0.00000E+00  0.00000E+00  0.00000E+00  0.00000E+00  0.00000E+00  0.00000E+00  0.00000E+00  0.00000E+00  0.00000E+00  0.00000E+00  0.00000E+00  0.00000E+00  0.00000E+00  0.00000E+00  0.00000E+00  0.00000E+00  0.00000E+00  0.00000E+00  0.00000E+00  0.00000E+00  0.00000E+00  0.00000E+00  0.00000E+00  0.00000E+00  0.00000E+00  0.00000E+00  0.00000E+00  0.00000E+00  0.00000E+00  0.00000E+00  0.00000E+00  0.00000E+00  0.00000E+00  0.00000E+00  0.00000E+00  0.00000E+00  0.00000E+00  0.00000E+00  0.00000E+00  0.00000E+00  0.00000E+00  0.00000E+00  0.00000E+00  0.00000E+00  0.00000E+00  0.00000E+00  0.00000E+00  0.00000E+00  0.00000E+00  0.00000E+00  0.00000E+00  0.00000E+00  0.00000E+00  0.00000E+00  0.00000E+00  0.00000E+00  0.00000E+00  0.00000E+00  0.00000E+00  0.00000E+00  0.00000E+00  0.00000E+00  0.00000E+00  0.00000E+00  0.00000E+00  0.00000E+00  0.00000E+00  0.00000E+00  0.00000E+00  0.00000E+00  0.00000E+00  0.00000E+00  0.00000E+00  0.00000E+00  0.00000E+00  0.00000E+00  0.00000E+00  0.00000E+00
 OMEGA(1,1)    2.84926E+00  3.75156E+00  2.64832E+00 -3.03040E+00 -6.79089E+00 -4.94673E+00 -9.81795E+00 -5.64744E+00 -2.18246E-01 -3.10668E+00 -1.00159E+01  0.00000E+00  0.00000E+00  0.00000E+00  0.00000E+00  2.54656E+02  5.47867E+01 -6.03352E+00  6.85033E+01 -7.44588E+01 -4.92615E+01 -1.45759E+02 -1.34341E+01 -2.96803E+01 -1.98664E+00  6.59068E+01  1.72609E+01  1.45505E+01  1.39043E+01  3.89796E+01  5.26908E+01  2.52777E+01  3.52124E+01 -8.21249E+00  5.21101E+01 -1.08766E+01 -1.16421E+02 -3.32533E+01 -3.66840E+01 -3.54940E+00  1.55089E+01  1.43215E+01 -6.55240E+00 -1.56057E+01 -1.28691E+01 -2.49772E+01  4.61389E+01 -9.19244E+00  9.16922E+01  4.23482E+01  1.08523E+01  0.00000E+00  0.00000E+00  0.00000E+00  0.00000E+00  0.00000E+00  0.00000E+00  0.00000E+00  0.00000E+00  0.00000E+00  0.00000E+00  0.00000E+00  0.00000E+00  0.00000E+00  0.00000E+00  0.00000E+00  0.00000E+00  0.00000E+00  0.00000E+00  0.00000E+00  0.00000E+00  0.00000E+00  0.00000E+00  0.00000E+00  0.00000E+00  0.00000E+00  0.00000E+00  0.00000E+00  0.00000E+00  0.00000E+00  0.00000E+00
 OMEGA(2,1)    1.77657E+01  4.90981E+01  1.65162E+01  1.78560E+01 -2.28362E+01  2.31132E+01  3.63185E-01 -1.52898E+01  8.54326E+00 -2.11526E+01  6.21754E+01  0.00000E+00  0.00000E+00  0.00000E+00  0.00000E+00  5.47867E+01  5.24307E+02  8.56679E+01  1.57419E+01  6.59185E+01 -2.45184E+01  1.89085E+02 -3.13864E+01  1.44363E+01 -3.84447E+01 -1.34269E+01  7.61995E+00  4.29587E+01  3.12760E+01  5.97957E+00 -1.00692E+02  5.70483E+01 -5.36562E+00  2.55551E+01 -4.22263E+01 -7.08496E+01 -2.08629E+02 -1.08380E+02 -4.41009E+01  3.35008E+01  6.89544E+00 -1.57239E+01  4.35781E+01  2.98233E+01 -8.07025E+01  4.78582E+01 -2.37290E+01  4.55019E+01  1.31667E+00  4.11213E+01  1.21446E+01  0.00000E+00  0.00000E+00  0.00000E+00  0.00000E+00  0.00000E+00  0.00000E+00  0.00000E+00  0.00000E+00  0.00000E+00  0.00000E+00  0.00000E+00  0.00000E+00  0.00000E+00  0.00000E+00  0.00000E+00  0.00000E+00  0.00000E+00  0.00000E+00  0.00000E+00  0.00000E+00  0.00000E+00  0.00000E+00  0.00000E+00  0.00000E+00  0.00000E+00  0.00000E+00  0.00000E+00  0.00000E+00  0.00000E+00  0.00000E+00
 OMEGA(2,2)    8.44518E+00  2.48057E+01  1.14181E+00  1.10942E+01 -7.65850E-01 -3.09503E+00  2.02474E+00 -4.31493E+00  4.89871E-01 -1.23241E+01  1.52736E+01  0.00000E+00  0.00000E+00  0.00000E+00  0.00000E+00 -6.03352E+00  8.56679E+01  2.34410E+02  7.29419E+00  1.03738E+02  1.91978E+01  6.40490E+01  1.10027E+02  1.51188E+01 -1.09163E+01  1.55778E+01 -3.16463E+01  1.63559E+01 -2.09120E+01 -3.77465E+01 -2.01150E+01 -9.05651E+01  7.06390E+00 -4.67227E+01 -7.51870E+00 -2.61702E+01  7.81832E+00 -2.03221E+02 -1.51410E+01 -8.30735E+01  1.17140E+01 -2.60317E+01  3.91151E+01 -4.45310E+01  5.16928E+01  4.25361E+00  2.15543E+01 -2.82469E+01 -5.09523E+01 -5.43305E+01  4.91261E+00  0.00000E+00  0.00000E+00  0.00000E+00  0.00000E+00  0.00000E+00  0.00000E+00  0.00000E+00  0.00000E+00  0.00000E+00  0.00000E+00  0.00000E+00  0.00000E+00  0.00000E+00  0.00000E+00  0.00000E+00  0.00000E+00  0.00000E+00  0.00000E+00  0.00000E+00  0.00000E+00  0.00000E+00  0.00000E+00  0.00000E+00  0.00000E+00  0.00000E+00  0.00000E+00  0.00000E+00  0.00000E+00  0.00000E+00  0.00000E+00
 OMEGA(3,1)   -1.94465E+01 -1.45200E+00 -1.08091E+00  1.56237E+01  1.46184E+01 -1.05315E+01  8.76815E+00  9.52331E+00  2.02736E+01 -5.03944E+00  1.31336E+01  0.00000E+00  0.00000E+00  0.00000E+00  0.00000E+00  6.85033E+01  1.57419E+01  7.29419E+00  4.11526E+02  1.10137E+02  3.32602E+01 -8.07604E+01 -3.05103E+01 -1.54586E+02  7.51868E-01 -6.09589E+00 -5.58918E+00  8.89727E+00  2.67682E+01  5.57019E+00 -5.51133E+01  2.14047E+01 -3.56365E+01  5.08215E+01  2.98791E+01  3.06713E+01 -1.22056E+02 -5.09352E+00 -1.12380E+02  5.47108E+01 -3.24864E+01  6.14549E+01  4.53702E+01 -8.46733E+01 -4.87249E+01 -2.59317E+01  2.30942E+01 -4.25947E+00 -1.36557E+01  3.84704E+01  3.92390E+01  0.00000E+00  0.00000E+00  0.00000E+00  0.00000E+00  0.00000E+00  0.00000E+00  0.00000E+00  0.00000E+00  0.00000E+00  0.00000E+00  0.00000E+00  0.00000E+00  0.00000E+00  0.00000E+00  0.00000E+00  0.00000E+00  0.00000E+00  0.00000E+00  0.00000E+00  0.00000E+00  0.00000E+00  0.00000E+00  0.00000E+00  0.00000E+00  0.00000E+00  0.00000E+00  0.00000E+00  0.00000E+00  0.00000E+00  0.00000E+00
 OMEGA(3,2)    3.33869E+00  1.33662E+01  2.80582E+00  1.74085E+01  1.88037E+01  3.47038E+00  1.48315E+01  1.31285E+01  1.30419E+01 -8.03815E+01  6.67484E+01  0.00000E+00  0.00000E+00  0.00000E+00  0.00000E+00 -7.44588E+01  6.59185E+01  1.03738E+02  1.10137E+02  5.97111E+02  6.80242E+01  4.46859E+01 -1.29197E+01  1.42130E+02 -7.49615E+00  2.17805E+01 -1.15515E+02 -1.76021E+01 -7.21941E+01 -5.77414E+01 -9.75665E+01 -8.78279E+01 -3.68437E+01 -2.37171E+01 -5.78110E+01 -2.27707E+01  1.67147E+01 -4.50771E+01 -1.99240E+02 -5.29635E+00 -7.04839E+01  6.28349E+00  2.53909E+01 -3.15247E+01 -3.92016E+01  6.27025E+01 -3.37772E+01 -1.95505E+00 -1.20379E+02 -2.74320E+01  1.09569E+00  0.00000E+00  0.00000E+00  0.00000E+00  0.00000E+00  0.00000E+00  0.00000E+00  0.00000E+00  0.00000E+00  0.00000E+00  0.00000E+00  0.00000E+00  0.00000E+00  0.00000E+00  0.00000E+00  0.00000E+00  0.00000E+00  0.00000E+00  0.00000E+00  0.00000E+00  0.00000E+00  0.00000E+00  0.00000E+00  0.00000E+00  0.00000E+00  0.00000E+00  0.00000E+00  0.00000E+00  0.00000E+00  0.00000E+00  0.00000E+00
 OMEGA(3,3)    2.50334E+00 -3.65360E+00 -9.86507E+00 -1.85273E+00  7.87910E+00 -1.00827E+01 -6.56520E+00  8.89751E+00 -4.71642E-01 -1.55980E+00  1.05812E+01  0.00000E+00  0.00000E+00  0.00000E+00  0.00000E+00 -4.92615E+01 -2.45184E+01  1.91978E+01  3.32602E+01  6.80242E+01  2.74017E+02 -2.08509E+01 -1.39477E-01  2.34754E+01 -1.68947E+01 -6.02068E+00  4.95190E+00 -9.99006E+01 -2.74018E+01 -3.18751E+01 -7.18794E+00 -3.57430E+01 -8.33778E+01 -1.62134E+01 -1.00281E+01  7.03457E+00  6.41634E+01 -2.98054E+01  4.54281E+01 -7.60831E+01 -3.78356E+01  1.06201E+01 -4.19323E+01 -1.32390E+01 -1.61781E+01 -1.56213E+02  1.84737E+01 -1.11337E+01 -3.08962E+01 -3.93583E+00  1.58193E+00  0.00000E+00  0.00000E+00  0.00000E+00  0.00000E+00  0.00000E+00  0.00000E+00  0.00000E+00  0.00000E+00  0.00000E+00  0.00000E+00  0.00000E+00  0.00000E+00  0.00000E+00  0.00000E+00  0.00000E+00  0.00000E+00  0.00000E+00  0.00000E+00  0.00000E+00  0.00000E+00  0.00000E+00  0.00000E+00  0.00000E+00  0.00000E+00  0.00000E+00  0.00000E+00  0.00000E+00  0.00000E+00  0.00000E+00  0.00000E+00
 OMEGA(4,1)   -7.30294E+00  3.42302E+01  1.54105E+01  1.78261E+01 -1.29428E+01  7.27196E+00 -3.05413E+00 -1.96325E+00  2.97046E+00 -1.87034E+01  2.99308E+01  0.00000E+00  0.00000E+00  0.00000E+00  0.00000E+00 -1.45759E+02  1.89085E+02  6.40490E+01 -8.07604E+01  4.46859E+01 -2.08509E+01  4.51070E+02  9.28452E+01  2.08826E+01 -4.23622E+01  4.50266E+01  3.39084E+01  1.03500E+02 -1.56095E+01 -8.25079E+01 -5.22555E+01  3.39564E+01  2.23360E+00  2.15629E+01 -6.60993E+01 -4.35868E+01  3.69396E+01 -2.38473E+01  2.65098E+01 -6.52009E+01 -6.99440E+00 -4.02544E+01  1.70102E+01 -3.88769E+01 -4.68860E+00  6.20583E+01 -5.26949E+01  2.93950E+01 -1.02253E+02 -6.30958E+00 -1.33752E+01  0.00000E+00  0.00000E+00  0.00000E+00  0.00000E+00  0.00000E+00  0.00000E+00  0.00000E+00  0.00000E+00  0.00000E+00  0.00000E+00  0.00000E+00  0.00000E+00  0.00000E+00  0.00000E+00  0.00000E+00  0.00000E+00  0.00000E+00  0.00000E+00  0.00000E+00  0.00000E+00  0.00000E+00  0.00000E+00  0.00000E+00  0.00000E+00  0.00000E+00  0.00000E+00  0.00000E+00  0.00000E+00  0.00000E+00  0.00000E+00
 OMEGA(4,2)    6.30482E+00  2.40032E+01  1.94985E+01  1.37949E+01 -4.26297E+00 -8.81489E-01 -1.97218E+01  4.86770E-01 -1.24431E+00 -2.45163E+01 -1.71409E+01  0.00000E+00  0.00000E+00  0.00000E+00  0.00000E+00 -1.34341E+01 -3.13864E+01  1.10027E+02 -3.05103E+01 -1.29197E+01 -1.39477E-01  9.28452E+01  3.29109E+02  2.05863E+01  4.09601E+01  6.07387E+01  6.85612E+01  2.54088E+00 -3.32669E+01 -1.70209E+01  4.16124E+01 -2.67829E+01  7.10413E+00 -7.69820E+01 -1.55057E+01 -1.71330E+01  7.55722E+01 -7.06643E+01  1.29687E+01 -1.65733E+02 -5.95223E+01 -1.96901E+01  1.02234E+01  4.95894E+00 -2.03715E+01  2.12144E+00 -1.88845E+01  9.56963E+00 -1.02463E+02  4.28066E+00 -4.13271E+01  0.00000E+00  0.00000E+00  0.00000E+00  0.00000E+00  0.00000E+00  0.00000E+00  0.00000E+00  0.00000E+00  0.00000E+00  0.00000E+00  0.00000E+00  0.00000E+00  0.00000E+00  0.00000E+00  0.00000E+00  0.00000E+00  0.00000E+00  0.00000E+00  0.00000E+00  0.00000E+00  0.00000E+00  0.00000E+00  0.00000E+00  0.00000E+00  0.00000E+00  0.00000E+00  0.00000E+00  0.00000E+00  0.00000E+00  0.00000E+00
 OMEGA(4,3)    1.37651E+01  6.59356E+00  1.45304E+01 -2.04289E+01 -3.47944E+00 -7.90008E+00 -5.77936E+00  8.74632E+00 -2.17952E+01 -1.55176E+00  3.13897E+01  0.00000E+00  0.00000E+00  0.00000E+00  0.00000E+00 -2.96803E+01  1.44363E+01  1.51188E+01 -1.54586E+02  1.42130E+02  2.34754E+01  2.08826E+01  2.05863E+01  3.89574E+02  2.92321E+01 -1.98392E+01 -3.68408E+01 -2.25342E+01  5.58807E+00  1.37564E+01 -2.45060E+01 -2.42861E+01 -3.82249E+00 -1.39982E+01 -8.66553E-01 -4.03820E+01  1.15800E+02 -3.90458E+01  5.18704E+01 -1.02657E+01  3.33206E+01 -5.92682E+01 -1.68867E+01  1.48460E+01  2.77178E+01 -4.78296E+01 -3.74936E+01 -3.04654E+01 -6.20298E+01 -5.12863E+01 -2.21768E+01  0.00000E+00  0.00000E+00  0.00000E+00  0.00000E+00  0.00000E+00  0.00000E+00  0.00000E+00  0.00000E+00  0.00000E+00  0.00000E+00  0.00000E+00  0.00000E+00  0.00000E+00  0.00000E+00  0.00000E+00  0.00000E+00  0.00000E+00  0.00000E+00  0.00000E+00  0.00000E+00  0.00000E+00  0.00000E+00  0.00000E+00  0.00000E+00  0.00000E+00  0.00000E+00  0.00000E+00  0.00000E+00  0.00000E+00  0.00000E+00
 OMEGA(4,4)   -1.07975E+01 -6.69497E+00 -5.86551E-01 -1.67805E+00  2.49613E+00  4.71329E-01 -1.75922E+00 -2.31101E+00 -8.89786E+00 -1.71690E+00 -6.93186E+00  0.00000E+00  0.00000E+00  0.00000E+00  0.00000E+00 -1.98664E+00 -3.84447E+01 -1.09163E+01  7.51868E-01 -7.49615E+00 -1.68947E+01 -4.23622E+01  4.09601E+01  2.92321E+01  9.14792E+01 -2.60629E+01  2.34680E+01  1.74492E+01  3.81670E+01 -8.39841E+00 -2.82530E+00 -4.96353E+00  9.74043E+00  1.45089E+01  1.50747E+01 -2.42296E+00 -8.52386E+00 -9.47920E-01 -4.32089E+00  4.12863E+01  5.88331E+00  1.37751E+01  6.69672E+00  2.97049E+00 -4.19889E+00  1.38978E+01 -4.73315E+01 -2.36082E+01 -3.16882E+01 -1.91287E+01 -7.38542E+00  0.00000E+00  0.00000E+00  0.00000E+00  0.00000E+00  0.00000E+00  0.00000E+00  0.00000E+00  0.00000E+00  0.00000E+00  0.00000E+00  0.00000E+00  0.00000E+00  0.00000E+00  0.00000E+00  0.00000E+00  0.00000E+00  0.00000E+00  0.00000E+00  0.00000E+00  0.00000E+00  0.00000E+00  0.00000E+00  0.00000E+00  0.00000E+00  0.00000E+00  0.00000E+00  0.00000E+00  0.00000E+00  0.00000E+00  0.00000E+00
 OMEGA(5,1)    2.86297E+01 -1.52771E+01 -1.82355E+01  1.88818E+01  1.24437E+01 -1.23737E+01  4.31719E+00 -2.94736E+01 -2.47552E+01  1.12370E+01 -1.50236E+00  0.00000E+00  0.00000E+00  0.00000E+00  0.00000E+00  6.59068E+01 -1.34269E+01  1.55778E+01 -6.09589E+00  2.17805E+01 -6.02068E+00  4.50266E+01  6.07387E+01 -1.98392E+01 -2.60629E+01  6.06107E+02  6.86220E+01  9.21377E+01 -2.82415E+02 -5.05520E+01  1.61808E+02 -6.21160E+01  1.85816E+01 -7.04272E+01  5.42088E+01  3.24826E+01 -6.79041E+01 -1.92060E+00 -6.91088E+01 -2.40855E+01 -1.30780E+02 -4.35521E+01 -1.70646E+01 -6.06401E+01  1.28257E+00  4.49868E+01  7.11702E+01 -2.86699E+01 -5.17400E+01  1.42839E+01  9.93859E+00  0.00000E+00  0.00000E+00  0.00000E+00  0.00000E+00  0.00000E+00  0.00000E+00  0.00000E+00  0.00000E+00  0.00000E+00  0.00000E+00  0.00000E+00  0.00000E+00  0.00000E+00  0.00000E+00  0.00000E+00  0.00000E+00  0.00000E+00  0.00000E+00  0.00000E+00  0.00000E+00  0.00000E+00  0.00000E+00  0.00000E+00  0.00000E+00  0.00000E+00  0.00000E+00  0.00000E+00  0.00000E+00  0.00000E+00  0.00000E+00
 OMEGA(5,2)   -2.67079E+01 -6.74350E+00  1.60799E+01 -6.02562E+00  2.96153E-02 -1.07957E+01 -1.62841E+00 -9.39029E+00  1.50545E+01  3.37167E+01  1.02983E+00  0.00000E+00  0.00000E+00  0.00000E+00  0.00000E+00  1.72609E+01  7.61995E+00 -3.16463E+01 -5.58918E+00 -1.15515E+02  4.95190E+00  3.39084E+01  6.85612E+01 -3.68408E+01  2.34680E+01  6.86220E+01  4.23102E+02  1.96385E+01  1.20488E+02 -3.21638E+01  2.57510E+01  3.36217E+01 -1.17516E+01  3.21812E+01  2.04152E+01 -5.75155E+00 -8.91753E+00  1.48997E+01  6.88378E+00 -4.89440E+01 -1.51101E+02  2.13517E+01  1.91560E+00  3.43181E+01  2.38488E+01  1.99888E+01  1.54239E+01  5.58579E+01 -2.13431E+01 -6.44282E+00 -1.94254E+01  0.00000E+00  0.00000E+00  0.00000E+00  0.00000E+00  0.00000E+00  0.00000E+00  0.00000E+00  0.00000E+00  0.00000E+00  0.00000E+00  0.00000E+00  0.00000E+00  0.00000E+00  0.00000E+00  0.00000E+00  0.00000E+00  0.00000E+00  0.00000E+00  0.00000E+00  0.00000E+00  0.00000E+00  0.00000E+00  0.00000E+00  0.00000E+00  0.00000E+00  0.00000E+00  0.00000E+00  0.00000E+00  0.00000E+00  0.00000E+00
 OMEGA(5,3)   -1.20633E+01  1.04014E+00 -2.79107E+00  1.10102E+01 -1.63125E+01  6.82329E-01  2.41490E+01 -1.13735E+01 -7.56985E+00  2.45935E+01  2.31337E+01  0.00000E+00  0.00000E+00  0.00000E+00  0.00000E+00  1.45505E+01  4.29587E+01  1.63559E+01  8.89727E+00 -1.76021E+01 -9.99006E+01  1.03500E+02  2.54088E+00 -2.25342E+01  1.74492E+01  9.21377E+01  1.96385E+01  3.80631E+02  1.67886E+01 -1.03042E+02  4.88450E+00  8.12445E+00 -9.02680E+00  2.04409E+01  7.35259E+00 -2.02555E+01 -7.79906E+01 -6.41257E+01 -7.90737E+01  4.24947E+01  8.11130E+01  1.88427E+00  3.15933E+01 -1.88026E+01  5.67821E+01  6.32775E+01 -3.41200E+01 -8.17845E+01 -1.43905E+01 -3.35734E+01  1.62970E-01  0.00000E+00  0.00000E+00  0.00000E+00  0.00000E+00  0.00000E+00  0.00000E+00  0.00000E+00  0.00000E+00  0.00000E+00  0.00000E+00  0.00000E+00  0.00000E+00  0.00000E+00  0.00000E+00  0.00000E+00  0.00000E+00  0.00000E+00  0.00000E+00  0.00000E+00  0.00000E+00  0.00000E+00  0.00000E+00  0.00000E+00  0.00000E+00  0.00000E+00  0.00000E+00  0.00000E+00  0.00000E+00  0.00000E+00  0.00000E+00
 OMEGA(5,4)   -2.37751E+01  3.27341E+00  1.53943E+00 -1.39880E+01  1.67902E+01  8.47233E+00 -9.13719E+00  1.00643E+01  8.23757E+00  2.27031E+01  1.90971E+01  0.00000E+00  0.00000E+00  0.00000E+00  0.00000E+00  1.39043E+01  3.12760E+01 -2.09120E+01  2.67682E+01 -7.21941E+01 -2.74018E+01 -1.56095E+01 -3.32669E+01  5.58807E+00  3.81670E+01 -2.82415E+02  1.20488E+02  1.67886E+01  4.10575E+02  6.32866E+01 -7.40354E+01  9.68451E+01 -1.09790E+01  9.27004E+01 -1.06615E+01 -2.91237E+01  2.95004E+01 -1.15869E+01  2.74714E+01 -4.73443E+00  1.25652E+02  4.01476E+01  3.80192E+00  1.92366E+01  2.49878E+01 -5.56252E+01 -4.36590E+01 -3.82912E+01  6.47488E+01 -3.82788E+01  3.02107E+01  0.00000E+00  0.00000E+00  0.00000E+00  0.00000E+00  0.00000E+00  0.00000E+00  0.00000E+00  0.00000E+00  0.00000E+00  0.00000E+00  0.00000E+00  0.00000E+00  0.00000E+00  0.00000E+00  0.00000E+00  0.00000E+00  0.00000E+00  0.00000E+00  0.00000E+00  0.00000E+00  0.00000E+00  0.00000E+00  0.00000E+00  0.00000E+00  0.00000E+00  0.00000E+00  0.00000E+00  0.00000E+00  0.00000E+00  0.00000E+00
 OMEGA(5,5)    2.79786E+01 -5.49862E+00 -5.82124E+00 -1.72214E+00  1.20777E+01  4.35120E+00 -2.48296E+00  1.25727E+00  1.37529E+01 -2.43273E+01 -3.45496E+01  0.00000E+00  0.00000E+00  0.00000E+00  0.00000E+00  3.89796E+01  5.97957E+00 -3.77465E+01  5.57019E+00 -5.77414E+01 -3.18751E+01 -8.25079E+01 -1.70209E+01  1.37564E+01 -8.39841E+00 -5.05520E+01 -3.21638E+01 -1.03042E+02  6.32866E+01  2.78018E+02 -1.56245E+01  8.28671E+01  1.86493E+01  7.23660E+00 -3.62782E+01 -9.35634E-02 -2.60469E+01  6.78584E+01  3.67674E+01 -1.54562E+01 -2.52501E+01  2.63220E+01 -6.67649E+01  4.99819E+01 -7.91900E+01 -5.02507E+01  1.12378E+01  7.09104E+01  1.14048E+02  9.05278E+01  1.68462E+01  0.00000E+00  0.00000E+00  0.00000E+00  0.00000E+00  0.00000E+00  0.00000E+00  0.00000E+00  0.00000E+00  0.00000E+00  0.00000E+00  0.00000E+00  0.00000E+00  0.00000E+00  0.00000E+00  0.00000E+00  0.00000E+00  0.00000E+00  0.00000E+00  0.00000E+00  0.00000E+00  0.00000E+00  0.00000E+00  0.00000E+00  0.00000E+00  0.00000E+00  0.00000E+00  0.00000E+00  0.00000E+00  0.00000E+00  0.00000E+00
 OMEGA(6,1)    1.87884E+00 -8.15261E+00  3.47936E+00  5.18238E+00  7.66635E+00 -3.24880E+01 -4.79669E+00  7.82698E+00  2.76945E+01  2.19143E+00 -6.89373E+01  0.00000E+00  0.00000E+00  0.00000E+00  0.00000E+00  5.26908E+01 -1.00692E+02 -2.01150E+01 -5.51133E+01 -9.75665E+01 -7.18794E+00 -5.22555E+01  4.16124E+01 -2.45060E+01 -2.82530E+00  1.61808E+02  2.57510E+01  4.88450E+00 -7.40354E+01 -1.56245E+01  6.05572E+02  5.33236E+00  1.10024E+02 -1.93630E+02  5.63694E+01  8.12790E+01  1.06579E+02  7.28068E+01  1.21034E+02 -8.01012E+01 -2.47595E+01 -7.03341E+01 -2.82668E+01  1.28126E+02  1.40203E+01 -1.17270E+02 -3.31542E+01 -8.46432E+01  9.17276E+01 -7.65734E+01 -5.69042E+00  0.00000E+00  0.00000E+00  0.00000E+00  0.00000E+00  0.00000E+00  0.00000E+00  0.00000E+00  0.00000E+00  0.00000E+00  0.00000E+00  0.00000E+00  0.00000E+00  0.00000E+00  0.00000E+00  0.00000E+00  0.00000E+00  0.00000E+00  0.00000E+00  0.00000E+00  0.00000E+00  0.00000E+00  0.00000E+00  0.00000E+00  0.00000E+00  0.00000E+00  0.00000E+00  0.00000E+00  0.00000E+00  0.00000E+00  0.00000E+00
 OMEGA(6,2)   -9.82514E+00 -2.94072E+00  1.54295E+00  7.89764E-02 -8.50284E+00  9.10209E+00 -4.83472E+00  1.63403E+01 -1.22961E+00  2.33031E+01 -1.97865E+01  0.00000E+00  0.00000E+00  0.00000E+00  0.00000E+00  2.52777E+01  5.70483E+01 -9.05651E+01  2.14047E+01 -8.78279E+01 -3.57430E+01  3.39564E+01 -2.67829E+01 -2.42861E+01 -4.96353E+00 -6.21160E+01  3.36217E+01  8.12445E+00  9.68451E+01  8.28671E+01  5.33236E+00  5.62637E+02  5.03195E+01  1.77858E+02 -1.23516E+02 -5.30642E+01 -1.62847E+01  1.29292E+02  2.34526E+01 -2.85402E+00 -1.77601E+01 -4.59271E+01 -3.10750E+01  1.01279E+01 -1.38894E+01 -2.89609E+01 -1.74311E+01 -1.62172E+01 -3.78340E+01  8.30651E+01 -2.62937E+01  0.00000E+00  0.00000E+00  0.00000E+00  0.00000E+00  0.00000E+00  0.00000E+00  0.00000E+00  0.00000E+00  0.00000E+00  0.00000E+00  0.00000E+00  0.00000E+00  0.00000E+00  0.00000E+00  0.00000E+00  0.00000E+00  0.00000E+00  0.00000E+00  0.00000E+00  0.00000E+00  0.00000E+00  0.00000E+00  0.00000E+00  0.00000E+00  0.00000E+00  0.00000E+00  0.00000E+00  0.00000E+00  0.00000E+00  0.00000E+00
 OMEGA(6,3)   -1.90942E+01 -3.20744E+00  1.63588E+01 -1.18552E-01 -6.84564E+00 -1.53473E+01 -2.18598E+01 -1.99230E+01  3.13144E+01 -4.26676E+01 -6.15701E+01  0.00000E+00  0.00000E+00  0.00000E+00  0.00000E+00  3.52124E+01 -5.36562E+00  7.06390E+00 -3.56365E+01 -3.68437E+01 -8.33778E+01  2.23360E+00  7.10413E+00 -3.82249E+00  9.74043E+00  1.85816E+01 -1.17516E+01 -9.02680E+00 -1.09790E+01  1.86493E+01  1.10024E+02  5.03195E+01  6.39159E+02 -5.82850E+01 -1.04221E+02 -7.29208E+01 -1.02429E-01 -1.45153E+01  5.35627E+01 -4.28902E+01  1.94042E+01 -2.68520E+01 -2.49308E+00 -2.44118E+01 -2.62269E+01  1.92001E+02  2.53240E+00 -1.28196E+01 -3.14558E+01 -4.08886E-01  1.50846E+01  0.00000E+00  0.00000E+00  0.00000E+00  0.00000E+00  0.00000E+00  0.00000E+00  0.00000E+00  0.00000E+00  0.00000E+00  0.00000E+00  0.00000E+00  0.00000E+00  0.00000E+00  0.00000E+00  0.00000E+00  0.00000E+00  0.00000E+00  0.00000E+00  0.00000E+00  0.00000E+00  0.00000E+00  0.00000E+00  0.00000E+00  0.00000E+00  0.00000E+00  0.00000E+00  0.00000E+00  0.00000E+00  0.00000E+00  0.00000E+00
 OMEGA(6,4)   -8.23103E+00 -5.07672E+00 -9.94784E+00 -1.13592E+01  4.79420E+00 -1.42451E+01 -5.09887E+00  7.63374E+00 -5.65533E+00 -2.35551E+01  3.83511E+01  0.00000E+00  0.00000E+00  0.00000E+00  0.00000E+00 -8.21249E+00  2.55551E+01 -4.67227E+01  5.08215E+01 -2.37171E+01 -1.62134E+01  2.15629E+01 -7.69820E+01 -1.39982E+01  1.45089E+01 -7.04272E+01  3.21812E+01  2.04409E+01  9.27004E+01  7.23660E+00 -1.93630E+02  1.77858E+02 -5.82850E+01  4.79075E+02  1.08917E+02  5.02026E+01 -7.47822E+01  3.69873E+01 -4.63682E+01  1.34653E+02  5.21695E+01  9.43349E+01  4.33492E+00 -3.79339E+01 -4.81818E+01  1.78238E+01  1.51893E+01  4.22103E+01 -1.81033E+02  5.84547E+01 -2.59780E+01  0.00000E+00  0.00000E+00  0.00000E+00  0.00000E+00  0.00000E+00  0.00000E+00  0.00000E+00  0.00000E+00  0.00000E+00  0.00000E+00  0.00000E+00  0.00000E+00  0.00000E+00  0.00000E+00  0.00000E+00  0.00000E+00  0.00000E+00  0.00000E+00  0.00000E+00  0.00000E+00  0.00000E+00  0.00000E+00  0.00000E+00  0.00000E+00  0.00000E+00  0.00000E+00  0.00000E+00  0.00000E+00  0.00000E+00  0.00000E+00
 OMEGA(6,5)    4.73895E+00 -1.47272E+01 -4.19416E+00 -1.41877E+01  4.67774E+00 -3.61025E+01  9.34089E+00  1.09210E+01  2.42934E+00  1.71184E+01  4.67509E+01  0.00000E+00  0.00000E+00  0.00000E+00  0.00000E+00  5.21101E+01 -4.22263E+01 -7.51870E+00  2.98791E+01 -5.78110E+01 -1.00281E+01 -6.60993E+01 -1.55057E+01 -8.66553E-01  1.50747E+01  5.42088E+01  2.04152E+01  7.35259E+00 -1.06615E+01 -3.62782E+01  5.63694E+01 -1.23516E+02 -1.04221E+02  1.08917E+02  6.21032E+02  1.13917E+02 -5.55256E+01 -2.69137E+01  4.15541E+01  7.49049E+01  7.19580E+01 -3.97041E+01 -3.41471E+01 -2.50582E+01 -1.09687E+01 -4.18015E+01  4.24306E+01  1.31779E+02 -1.95901E+01 -2.55957E+01  3.64415E+01  0.00000E+00  0.00000E+00  0.00000E+00  0.00000E+00  0.00000E+00  0.00000E+00  0.00000E+00  0.00000E+00  0.00000E+00  0.00000E+00  0.00000E+00  0.00000E+00  0.00000E+00  0.00000E+00  0.00000E+00  0.00000E+00  0.00000E+00  0.00000E+00  0.00000E+00  0.00000E+00  0.00000E+00  0.00000E+00  0.00000E+00  0.00000E+00  0.00000E+00  0.00000E+00  0.00000E+00  0.00000E+00  0.00000E+00  0.00000E+00
 OMEGA(6,6)    1.46513E+01 -1.42670E+01 -3.02445E+00 -1.16358E+01  3.09387E+00 -3.36736E+01  8.70948E+00  2.78771E+00  1.63685E+01 -5.17183E+01 -3.96728E+01  0.00000E+00  0.00000E+00  0.00000E+00  0.00000E+00 -1.08766E+01 -7.08496E+01 -2.61702E+01  3.06713E+01 -2.27707E+01  7.03457E+00 -4.35868E+01 -1.71330E+01 -4.03820E+01 -2.42296E+00  3.24826E+01 -5.75155E+00 -2.02555E+01 -2.91237E+01 -9.35634E-02  8.12790E+01 -5.30642E+01 -7.29208E+01  5.02026E+01  1.13917E+02  3.57322E+02 -5.46601E+00  9.60103E+01  1.32668E+01  5.44570E+01 -3.58475E+01  1.22538E+02 -3.52578E+01  2.05498E+01 -7.42507E+01 -5.80251E+01 -2.65746E+01  1.18303E+01  1.54657E+02  7.85640E+01  1.77617E+00  0.00000E+00  0.00000E+00  0.00000E+00  0.00000E+00  0.00000E+00  0.00000E+00  0.00000E+00  0.00000E+00  0.00000E+00  0.00000E+00  0.00000E+00  0.00000E+00  0.00000E+00  0.00000E+00  0.00000E+00  0.00000E+00  0.00000E+00  0.00000E+00  0.00000E+00  0.00000E+00  0.00000E+00  0.00000E+00  0.00000E+00  0.00000E+00  0.00000E+00  0.00000E+00  0.00000E+00  0.00000E+00  0.00000E+00  0.00000E+00
