TABLE NO.     1: NUTS Bayesian Analysis: Problem=1 Subproblem=0 Superproblem1=0 Iteration1=0 Superproblem2=0 Iteration2=0
 NAME         THETA1       THETA2       THETA3       THETA4       THETA5       THETA6       THETA7       THETA8       THETA9       THETA10      THETA11      THETA12      SIGMA(1,1)   SIGMA(2,1)   SIGMA(2,2)   OMEGA(1,1)   OMEGA(2,1)   OMEGA(2,2)   OMEGA(3,1)   OMEGA(3,2)   OMEGA(3,3)   OMEGA(4,1)   OMEGA(4,2)   OMEGA(4,3)   OMEGA(4,4)   OMEGA(5,1)   OMEGA(5,2)   OMEGA(5,3)   OMEGA(5,4)   OMEGA(5,5)   OMEGA(6,1)   OMEGA(6,2)   OMEGA(6,3)   OMEGA(6,4)   OMEGA(6,5)   OMEGA(6,6)   OMEGA(7,1)   OMEGA(7,2)   OMEGA(7,3)   OMEGA(7,4)   OMEGA(7,5)   OMEGA(7,6)   OMEGA(7,7)   OMEGA(8,1)   OMEGA(8,2)   OMEGA(8,3)   OMEGA(8,4)   OMEGA(8,5)   OMEGA(8,6)   OMEGA(8,7)   OMEGA(8,8)   OMEGA(9,1)   OMEGA(9,2)   OMEGA(9,3)   OMEGA(9,4)   OMEGA(9,5)   OMEGA(9,6)   OMEGA(9,7)   OMEGA(9,8)   OMEGA(9,9)   OMEGA(10,1)  OMEGA(10,2)  OMEGA(10,3)  OMEGA(10,4)  OMEGA(10,5)  OMEGA(10,6)  OMEGA(10,7)  OMEGA(10,8)  OMEGA(10,9)  OMEGA(10,10) OMEGA(11,1)  OMEGA(11,2)  OMEGA(11,3)  OMEGA(11,4)  OMEGA(11,5)  OMEGA(11,6)  OMEGA(11,7)  OMEGA(11,8)  OMEGA(11,9)  OMEGA(11,10) OMEGA(11,11)
 THETA1        7.38800E+01  1.20252E+01  4.66988E+00 -9.28690E+00 -4.96440E+00  9.04215E+00 -5.94598E+00 -2.12774E+01  1.93416E-02  3.14414E+01  8.11775E+00  0.00000E+00  0.00000E+00  0.00000E+00  0.00000E+00  1.63928E+01 -2.35846E+00 -5.16735E+00 -6.60498E+00  1.31194E+01  1.80042E+01 -1.75009E+01 -1.62736E+01  1.57212E+00 -3.68617E+00 -1.46443E+00  3.54530E+00  2.82060E+01  4.95398E+00 -1.26202E+01 -4.67942E-01  9.76892E+00  7.85645E+00  1.64846E+00 -1.87604E+01  4.19741E+00  3.04110E+01  2.95991E+01  2.95001E+00  1.09650E+01 -9.91254E+00  1.15684E+01  5.39778E+00 -2.76140E+01  8.86118E+00 -4.82144E+00  2.13428E+01 -5.12070E+00 -4.18055E-02 -1.47622E+01  8.64914E+00  0.00000E+00  0.00000E+00  0.00000E+00  0.00000E+00  0.00000E+00  0.00000E+00  0.00000E+00  0.00000E+00  0.00000E+00  0.00000E+00  0.00000E+00  0.00000E+00  0.00000E+00  0.00000E+00  0.00000E+00  0.00000E+00  0.00000E+00  0.00000E+00  0.00000E+00  0.00000E+00  0.00000E+00  0.00000E+00  0.00000E+00  0.00000E+00  0.00000E+00  0.00000E+00  0.00000E+00  0.00000E+00  0.00000E+00  0.00000E+00
 THETA2        1.20252E+01  5.87879E+01  2.16268E+00  1.57006E+01  3.21825E+00 -1.63507E+01 -8.36039E+00 -2.16989E-01 -2.20712E+00  1.79099E+01  6.32998E+00  0.00000E+00  0.00000E+00  0.00000E+00  0.00000E+00  5.55396E+00  3.60647E+01  2.43509E+01 -7.21982E+00  2.11966E+01  2.57368E-01  2.44229E+01 -6.30216E+00  1.35703E+01 -7.85597E+00  2.22307E+01 -6.68691E+00  1.78436E+01 -2.87612E+01 -1.40725E+01 -9.79305E+00  2.21217E+01  6.53337E+00  1.42287E+01  1.91819E+01  1.44284E-01  1.44653E+01  1.27040E+01 -1.81551E+00  2.07499E+01  6.93408E+00  1.41887E+01  3.19345E+00 -1.13149E+01 -8.48099E+00  7.31294E+00  5.60849E+00 -2.62192E+00  5.52294E+00 -1.48945E+00  1.43036E-01  0.00000E+00  0.00000E+00  0.00000E+00  0.00000E+00  0.00000E+00  0.00000E+00  0.00000E+00  0.00000E+00  0.00000E+00  0.00000E+00  0.00000E+00  0.00000E+00  0.00000E+00  0.00000E+00  0.00000E+00  0.00000E+00  0.00000E+00  0.00000E+00  0.00000E+00  0.00000E+00  0.00000E+00  0.00000E+00  0.00000E+00  0.00000E+00  0.00000E+00  0.00000E+00  0.00000E+00  0.00000E+00  0.00000E+00  0.00000E+00
 THETA3        4.66988E+00  2.16268E+00  6.18951E+01  3.27489E+00 -3.57843E+01 -9.60756E+00 -6.85217E+00 -1.49011E+01 -3.53155E+00 -5.53158E+00  1.60379E+01  0.00000E+00  0.00000E+00  0.00000E+00  0.00000E+00  2.09545E+01 -1.06375E+01 -1.62829E+01 -2.79742E+00  2.19939E+01 -8.46569E+00 -7.22461E+00 -1.31343E+01  1.65450E+01 -3.13082E+00 -2.99046E+00 -1.32398E+01  3.15294E+01 -1.63940E+01 -1.18004E+01  2.66428E+00 -1.50818E+01 -2.45777E+01 -5.23917E+00  9.89392E-01 -1.88595E+00  3.56546E-02 -2.82893E+00  3.03501E+01  1.91363E+01 -2.88435E+01  2.00782E+01  9.67509E+00 -4.13234E+00 -1.37501E+01 -4.97824E+00 -2.16535E+01  1.86524E+01  2.44393E+01 -9.72539E+00 -7.59324E+00  0.00000E+00  0.00000E+00  0.00000E+00  0.00000E+00  0.00000E+00  0.00000E+00  0.00000E+00  0.00000E+00  0.00000E+00  0.00000E+00  0.00000E+00  0.00000E+00  0.00000E+00  0.00000E+00  0.00000E+00  0.00000E+00  0.00000E+00  0.00000E+00  0.00000E+00  0.00000E+00  0.00000E+00  0.00000E+00  0.00000E+00  0.00000E+00  0.00000E+00  0.00000E+00  0.00000E+00  0.00000E+00  0.00000E+00  0.00000E+00
 THETA4       -9.28690E+00  1.57006E+01  3.27489E+00  5.70958E+01  7.69893E+00 -5.64116E+00  1.52904E+01 -7.30431E+00  1.02593E+01 -6.09394E+00  7.27055E+00  0.00000E+00  0.00000E+00  0.00000E+00  0.00000E+00  5.58012E+00  1.48041E+01  7.36489E+00  1.38496E+01  2.20756E+00 -4.65279E-01  4.43069E+01  2.37253E+00 -2.15815E+01 -1.31172E+01 -7.36756E-02  8.43046E+00 -9.48700E+00 -1.20929E+01 -2.53265E+00 -4.42468E+00  1.37361E+01 -8.55940E+00  1.26702E+01  2.84587E+01  1.68578E+01  1.12427E+01  2.06844E+01 -1.32614E+00  3.19483E+01  7.26022E+00  1.81335E+01  1.16420E+01 -3.44431E+01 -1.10455E+01 -4.70749E+00  1.81608E+01  1.37997E+01 -8.56376E+00 -5.66831E+00  3.91517E+00  0.00000E+00  0.00000E+00  0.00000E+00  0.00000E+00  0.00000E+00  0.00000E+00  0.00000E+00  0.00000E+00  0.00000E+00  0.00000E+00  0.00000E+00  0.00000E+00  0.00000E+00  0.00000E+00  0.00000E+00  0.00000E+00  0.00000E+00  0.00000E+00  0.00000E+00  0.00000E+00  0.00000E+00  0.00000E+00  0.00000E+00  0.00000E+00  0.00000E+00  0.00000E+00  0.00000E+00  0.00000E+00  0.00000E+00  0.00000E+00
 THETA5       -4.96440E+00  3.21825E+00 -3.57843E+01  7.69893E+00  5.31810E+01  1.46137E+00  8.98959E+00  8.54654E+00 -3.32594E-01  1.96470E+01 -3.77815E+00  0.00000E+00  0.00000E+00  0.00000E+00  0.00000E+00 -7.49541E+00  1.70714E+01  1.54784E+01  2.22858E+01 -2.03810E+00  1.33980E+01  1.31868E+01 -9.10994E+00 -4.01536E+00 -1.21943E+01 -5.53319E+00  1.56869E+01 -1.87882E+01  8.53206E+00  6.69911E+00 -2.04755E+01  3.72040E+01  1.83300E+01  1.47562E+01 -3.02964E-02  9.48453E+00  8.14017E+00  1.00611E+01 -1.14218E+01 -1.20593E+01  3.57583E+01 -2.72507E+01 -2.97870E+01 -1.49904E+01  9.10432E+00  1.69414E+01  3.09862E+01 -4.08989E+00 -1.04893E+01  1.92531E+00  4.32786E+00  0.00000E+00  0.00000E+00  0.00000E+00  0.00000E+00  0.00000E+00  0.00000E+00  0.00000E+00  0.00000E+00  0.00000E+00  0.00000E+00  0.00000E+00  0.00000E+00  0.00000E+00  0.00000E+00  0.00000E+00  0.00000E+00  0.00000E+00  0.00000E+00  0.00000E+00  0.00000E+00  0.00000E+00  0.00000E+00  0.00000E+00  0.00000E+00  0.00000E+00  0.00000E+00  0.00000E+00  0.00000E+00  0.00000E+00  0.00000E+00
 THETA6        9.04215E+00 -1.63507E+01 -9.60756E+00 -5.64116E+00  1.46137E+00  1.08316E+02  1.39694E+01 -8.76508E-01 -2.30189E+01 -2.16358E+01  2.13639E+01  0.00000E+00  0.00000E+00  0.00000E+00  0.00000E+00 -1.77610E+01 -3.89716E+01 -6.17630E+00  2.04445E+01 -1.32821E+01 -3.08889E+00  3.65223E+00  2.73062E+01 -5.06979E+00 -2.36118E-01 -2.83595E+01  3.35307E+01  9.84448E+00  4.85769E+01  5.71130E+00  2.04006E+01  7.45968E+00  7.81583E+00  2.25422E+01 -6.78624E+00  2.79102E+01 -1.59768E+01 -5.62465E-01  1.16537E+01 -1.88571E+01  2.49669E+01  4.58338E+01  2.31007E+01 -8.02176E+00  4.08086E+00 -1.51047E+01  6.04695E+00 -1.60242E+01 -5.12967E+01 -7.23506E+00  1.03374E+01  0.00000E+00  0.00000E+00  0.00000E+00  0.00000E+00  0.00000E+00  0.00000E+00  0.00000E+00  0.00000E+00  0.00000E+00  0.00000E+00  0.00000E+00  0.00000E+00  0.00000E+00  0.00000E+00  0.00000E+00  0.00000E+00  0.00000E+00  0.00000E+00  0.00000E+00  0.00000E+00  0.00000E+00  0.00000E+00  0.00000E+00  0.00000E+00  0.00000E+00  0.00000E+00  0.00000E+00  0.00000E+00  0.00000E+00  0.00000E+00
 THETA7       -5.94598E+00 -8.36039E+00 -6.85217E+00  1.52904E+01  8.98959E+00  1.39694E+01  9.87970E+01 -9.24505E+00  2.46818E+01  1.62883E+01  1.78869E+01  0.00000E+00  0.00000E+00  0.00000E+00  0.00000E+00 -2.99248E+01  1.53445E+01 -1.43479E+00  8.48111E+00 -1.10978E+01  1.14577E+01  2.40068E+01  1.03014E+01  3.33147E+00 -1.28008E+00 -2.23370E+01  2.08888E+01 -4.71385E+01  3.85246E+01  2.45715E+01 -2.69570E+00  8.05490E+00  8.94546E+00 -1.05621E+01  4.97736E+00  6.99179E+00 -1.06438E+01  5.09975E+01  2.79685E+01  1.77940E+01 -2.06017E+00  3.69057E+00  2.32420E+01  2.62738E+00 -2.86222E+01 -3.07125E+00  8.21244E+00 -1.49505E+01 -5.83343E+00 -2.31555E+01 -1.42113E+00  0.00000E+00  0.00000E+00  0.00000E+00  0.00000E+00  0.00000E+00  0.00000E+00  0.00000E+00  0.00000E+00  0.00000E+00  0.00000E+00  0.00000E+00  0.00000E+00  0.00000E+00  0.00000E+00  0.00000E+00  0.00000E+00  0.00000E+00  0.00000E+00  0.00000E+00  0.00000E+00  0.00000E+00  0.00000E+00  0.00000E+00  0.00000E+00  0.00000E+00  0.00000E+00  0.00000E+00  0.00000E+00  0.00000E+00  0.00000E+00
 THETA8       -2.12774E+01 -2.16989E-01 -1.49011E+01 -7.30431E+00  8.54654E+00 -8.76508E-01 -9.24505E+00  7.36126E+01 -6.27514E+00 -1.82501E+01 -3.28964E+00  0.00000E+00  0.00000E+00  0.00000E+00  0.00000E+00 -1.36426E+01 -6.63328E+00  1.12599E+01  2.22792E+01  1.06418E+01 -1.83365E+01  8.80367E+00  3.14201E+01  1.67558E-01  1.24310E+01 -1.49842E+01  6.00378E+00 -2.05018E+01  8.50617E+00  2.18994E+01  1.82192E+01 -3.95373E+00  2.84494E+01 -1.46139E+01 -2.41042E+01 -6.17229E+00  9.30518E+00 -1.04337E+01 -2.06650E+01 -2.79165E+01  5.30189E-01 -1.41406E+01 -2.19915E+01  4.02888E+01  4.13535E+00 -1.00843E+01 -2.85186E+01  6.95981E+00 -3.52905E+00  3.31125E+01 -1.35105E+01  0.00000E+00  0.00000E+00  0.00000E+00  0.00000E+00  0.00000E+00  0.00000E+00  0.00000E+00  0.00000E+00  0.00000E+00  0.00000E+00  0.00000E+00  0.00000E+00  0.00000E+00  0.00000E+00  0.00000E+00  0.00000E+00  0.00000E+00  0.00000E+00  0.00000E+00  0.00000E+00  0.00000E+00  0.00000E+00  0.00000E+00  0.00000E+00  0.00000E+00  0.00000E+00  0.00000E+00  0.00000E+00  0.00000E+00  0.00000E+00
 THETA9        1.93416E-02 -2.20712E+00 -3.53155E+00  1.02593E+01 -3.32594E-01 -2.30189E+01  2.46818E+01 -6.27514E+00  2.05421E+02  3.67974E+00 -3.00968E-02  0.00000E+00  0.00000E+00  0.00000E+00  0.00000E+00 -2.59308E+00  2.10253E+01 -1.58851E+01  4.82098E+01 -3.85917E+00 -2.62574E+01 -1.50076E+01  5.53400E+00 -6.48828E+00  2.21078E+01 -2.11243E+01  1.51596E+01 -1.60055E+00  4.69838E+00  8.71660E+00 -2.64484E+01  3.77616E+00  3.48386E+01  1.14633E+01 -1.43496E+00 -2.65175E+00 -2.00333E+01  5.98249E+01 -3.86807E+01  5.10842E+01 -3.67845E+00 -1.00898E+01  1.67048E+00 -5.36373E-02 -5.25706E+01 -2.44656E+01 -1.71612E+01  2.92290E+01  2.73442E+01  2.44869E+01 -2.90096E+00  0.00000E+00  0.00000E+00  0.00000E+00  0.00000E+00  0.00000E+00  0.00000E+00  0.00000E+00  0.00000E+00  0.00000E+00  0.00000E+00  0.00000E+00  0.00000E+00  0.00000E+00  0.00000E+00  0.00000E+00  0.00000E+00  0.00000E+00  0.00000E+00  0.00000E+00  0.00000E+00  0.00000E+00  0.00000E+00  0.00000E+00  0.00000E+00  0.00000E+00  0.00000E+00  0.00000E+00  0.00000E+00  0.00000E+00  0.00000E+00
 THETA10       3.14414E+01  1.79099E+01 -5.53158E+00 -6.09394E+00  1.96470E+01 -2.16358E+01  1.62883E+01 -1.82501E+01  3.67974E+00  6.57615E+02  6.50635E+01  0.00000E+00  0.00000E+00  0.00000E+00  0.00000E+00  4.63922E+01  8.03087E+01  9.87084E+00 -4.15326E+01 -1.52337E+01  1.86844E+01 -1.43105E+01 -4.23395E+01  2.90335E+01 -1.73773E+01 -3.29006E+00 -2.21307E+01 -1.36230E+01  7.75337E+00 -1.34961E+01 -2.59084E+01  3.60806E+01  5.25368E+01 -3.36536E+01 -1.08025E+02 -3.30756E+01  8.02242E+01  6.55581E+01  3.88882E+01  6.33288E+00 -4.12701E+01  1.05685E+01 -4.64651E+01 -4.74179E+01 -3.97585E+01  4.19902E+01  3.45055E+01 -3.25904E+01 -3.39663E+01 -7.66438E+01  1.10179E+01  0.00000E+00  0.00000E+00  0.00000E+00  0.00000E+00  0.00000E+00  0.00000E+00  0.00000E+00  0.00000E+00  0.00000E+00  0.00000E+00  0.00000E+00  0.00000E+00  0.00000E+00  0.00000E+00  0.00000E+00  0.00000E+00  0.00000E+00  0.00000E+00  0.00000E+00  0.00000E+00  0.00000E+00  0.00000E+00  0.00000E+00  0.00000E+00  0.00000E+00  0.00000E+00  0.00000E+00  0.00000E+00  0.00000E+00  0.00000E+00
 THETA11       8.11775E+00  6.32998E+00  1.60379E+01  7.27055E+00 -3.77815E+00  2.13639E+01  1.78869E+01 -3.28964E+00 -3.00968E-02  6.50635E+01  2.98481E+02  0.00000E+00  0.00000E+00  0.00000E+00  0.00000E+00 -4.47414E+01  8.31949E+00 -8.95574E+00 -4.06749E+00  1.15689E+01 -4.62460E+01  6.56959E+01  2.58847E+01  3.67971E+01 -9.36204E+00 -7.50005E+00  4.97034E-02  6.56053E+01 -2.60508E+01  8.64251E+00  8.48847E+00 -2.47851E+01  7.61769E+00 -4.49012E+00 -2.06217E+01  2.47423E+01 -6.68607E+00  2.64859E+01 -8.50440E+00  3.94056E+01  2.30459E+00  1.77261E+01  3.04222E+01 -1.17459E+01  7.99270E-01 -1.26109E+00 -3.78469E+00  2.24349E+01 -1.37921E+01 -2.59393E+01  1.16864E+01  0.00000E+00  0.00000E+00  0.00000E+00  0.00000E+00  0.00000E+00  0.00000E+00  0.00000E+00  0.00000E+00  0.00000E+00  0.00000E+00  0.00000E+00  0.00000E+00  0.00000E+00  0.00000E+00  0.00000E+00  0.00000E+00  0.00000E+00  0.00000E+00  0.00000E+00  0.00000E+00  0.00000E+00  0.00000E+00  0.00000E+00  0.00000E+00  0.00000E+00  0.00000E+00  0.00000E+00  0.00000E+00  0.00000E+00  0.00000E+00
 THETA12       0.00000E+00  0.00000E+00  0.00000E+00  0.00000E+00  0.00000E+00  0.00000E+00  0.00000E+00  0.00000E+00  0.00000E+00  0.00000E+00  0.00000E+00  0.00000E+00  0.00000E+00  0.00000E+00  0.00000E+00  0.00000E+00  0.00000E+00  0.00000E+00  0.00000E+00  0.00000E+00  0.00000E+00  0.00000E+00  0.00000E+00  0.00000E+00  0.00000E+00  0.00000E+00  0.00000E+00  0.00000E+00  0.00000E+00  0.00000E+00  0.00000E+00  0.00000E+00  0.00000E+00  0.00000E+00  0.00000E+00  0.00000E+00  0.00000E+00  0.00000E+00  0.00000E+00  0.00000E+00  0.00000E+00  0.00000E+00  0.00000E+00  0.00000E+00  0.00000E+00  0.00000E+00  0.00000E+00  0.00000E+00  0.00000E+00  0.00000E+00  0.00000E+00  0.00000E+00  0.00000E+00  0.00000E+00  0.00000E+00  0.00000E+00  0.00000E+00  0.00000E+00  0.00000E+00  0.00000E+00  0.00000E+00  0.00000E+00  0.00000E+00  0.00000E+00  0.00000E+00  0.00000E+00  0.00000E+00  0.00000E+00  0.00000E+00  0.00000E+00  0.00000E+00  0.00000E+00  0.00000E+00  0.00000E+00  0.00000E+00  0.00000E+00  0.00000E+00  0.00000E+00  0.00000E+00  0.00000E+00  0.00000E+00
 SIGMA(1,1)    0.00000E+00  0.00000E+00  0.00000E+00  0.00000E+00  0.00000E+00  0.00000E+00  0.00000E+00  0.00000E+00  0.00000E+00  0.00000E+00  0.00000E+00  0.00000E+00  0.00000E+00  0.00000E+00  0.00000E+00  0.00000E+00  0.00000E+00  0.00000E+00  0.00000E+00  0.00000E+00  0.00000E+00  0.00000E+00  0.00000E+00  0.00000E+00  0.00000E+00  0.00000E+00  0.00000E+00  0.00000E+00  0.00000E+00  0.00000E+00  0.00000E+00  0.00000E+00  0.00000E+00  0.00000E+00  0.00000E+00  0.00000E+00  0.00000E+00  0.00000E+00  0.00000E+00  0.00000E+00  0.00000E+00  0.00000E+00  0.00000E+00  0.00000E+00  0.00000E+00  0.00000E+00  0.00000E+00  0.00000E+00  0.00000E+00  0.00000E+00  0.00000E+00  0.00000E+00  0.00000E+00  0.00000E+00  0.00000E+00  0.00000E+00  0.00000E+00  0.00000E+00  0.00000E+00  0.00000E+00  0.00000E+00  0.00000E+00  0.00000E+00  0.00000E+00  0.00000E+00  0.00000E+00  0.00000E+00  0.00000E+00  0.00000E+00  0.00000E+00  0.00000E+00  0.00000E+00  0.00000E+00  0.00000E+00  0.00000E+00  0.00000E+00  0.00000E+00  0.00000E+00  0.00000E+00  0.00000E+00  0.00000E+00
 SIGMA(2,1)    0.00000E+00  0.00000E+00  0.00000E+00  0.00000E+00  0.00000E+00  0.00000E+00  0.00000E+00  0.00000E+00  0.00000E+00  0.00000E+00  0.00000E+00  0.00000E+00  0.00000E+00  0.00000E+00  0.00000E+00  0.00000E+00  0.00000E+00  0.00000E+00  0.00000E+00  0.00000E+00  0.00000E+00  0.00000E+00  0.00000E+00  0.00000E+00  0.00000E+00  0.00000E+00  0.00000E+00  0.00000E+00  0.00000E+00  0.00000E+00  0.00000E+00  0.00000E+00  0.00000E+00  0.00000E+00  0.00000E+00  0.00000E+00  0.00000E+00  0.00000E+00  0.00000E+00  0.00000E+00  0.00000E+00  0.00000E+00  0.00000E+00  0.00000E+00  0.00000E+00  0.00000E+00  0.00000E+00  0.00000E+00  0.00000E+00  0.00000E+00  0.00000E+00  0.00000E+00  0.00000E+00  0.00000E+00  0.00000E+00  0.00000E+00  0.00000E+00  0.00000E+00  0.00000E+00  0.00000E+00  0.00000E+00  0.00000E+00  0.00000E+00  0.00000E+00  0.00000E+00  0.00000E+00  0.00000E+00  0.00000E+00  0.00000E+00  0.00000E+00  0.00000E+00  0.00000E+00  0.00000E+00  0.00000E+00  0.00000E+00  0.00000E+00  0.00000E+00  0.00000E+00  0.00000E+00  0.00000E+00  0.00000E+00
 SIGMA(2,2)    0.00000E+00  0.00000E+00  0.00000E+00  0.00000E+00  0.00000E+00  0.00000E+00  0.00000E+00  0.00000E+00  0.00000E+00  0.00000E+00  0.00000E+00  0.00000E+00  0.00000E+00  0.00000E+00  0.00000E+00  0.00000E+00  0.00000E+00  0.00000E+00  0.00000E+00  0.00000E+00  0.00000E+00  0.00000E+00  0.00000E+00  0.00000E+00  0.00000E+00  0.00000E+00  0.00000E+00  0.00000E+00  0.00000E+00  0.00000E+00  0.00000E+00  0.00000E+00  0.00000E+00  0.00000E+00  0.00000E+00  0.00000E+00  0.00000E+00  0.00000E+00  0.00000E+00  0.00000E+00  0.00000E+00  0.00000E+00  0.00000E+00  0.00000E+00  0.00000E+00  0.00000E+00  0.00000E+00  0.00000E+00  0.00000E+00  0.00000E+00  0.00000E+00  0.00000E+00  0.00000E+00  0.00000E+00  0.00000E+00  0.00000E+00  0.00000E+00  0.00000E+00  0.00000E+00  0.00000E+00  0.00000E+00  0.00000E+00  0.00000E+00  0.00000E+00  0.00000E+00  0.00000E+00  0.00000E+00  0.00000E+00  0.00000E+00  0.00000E+00  0.00000E+00  0.00000E+00  0.00000E+00  0.00000E+00  0.00000E+00  0.00000E+00  0.00000E+00  0.00000E+00  0.00000E+00  0.00000E+00  0.00000E+00
 OMEGA(1,1)    1.63928E+01  5.55396E+00  2.09545E+01  5.58012E+00 -7.49541E+00 -1.77610E+01 -2.99248E+01 -1.36426E+01 -2.59308E+00  4.63922E+01 -4.47414E+01  0.00000E+00  0.00000E+00  0.00000E+00  0.00000E+00  3.51962E+02 -3.50036E+01 -3.06133E+01 -3.40235E+01  2.04452E+01 -4.56439E+01 -2.39430E+02 -3.65473E+01 -3.43574E+01  1.65243E+01 -3.79578E+01 -3.36264E+01  9.86709E-01  4.51296E+00 -3.18294E+01 -6.12099E-01 -7.88121E+00  1.00370E+01 -1.63731E+00 -1.10235E+01  7.06208E+00 -9.55330E+01  3.85936E+01  1.16974E+01  4.65549E+01 -3.98091E+01  1.55787E+01 -2.98320E+01 -1.80512E+02  2.64094E-01 -1.00850E+01  4.60465E+01  3.66064E+01  2.27099E+01  3.68685E+01  1.56017E+01  0.00000E+00  0.00000E+00  0.00000E+00  0.00000E+00  0.00000E+00  0.00000E+00  0.00000E+00  0.00000E+00  0.00000E+00  0.00000E+00  0.00000E+00  0.00000E+00  0.00000E+00  0.00000E+00  0.00000E+00  0.00000E+00  0.00000E+00  0.00000E+00  0.00000E+00  0.00000E+00  0.00000E+00  0.00000E+00  0.00000E+00  0.00000E+00  0.00000E+00  0.00000E+00  0.00000E+00  0.00000E+00  0.00000E+00  0.00000E+00
 OMEGA(2,1)   -2.35846E+00  3.60647E+01 -1.06375E+01  1.48041E+01  1.70714E+01 -3.89716E+01  1.53445E+01 -6.63328E+00  2.10253E+01  8.03087E+01  8.31949E+00  0.00000E+00  0.00000E+00  0.00000E+00  0.00000E+00 -3.50036E+01  5.24514E+02  1.72758E+01  5.13539E+01  5.76038E+01 -1.85886E+00  1.93796E+02 -1.30401E+02  8.29193E+01 -4.29044E+01 -6.49985E+01 -4.06944E+01  1.51748E+01 -1.57108E+01  1.13478E+01 -3.06854E+01  5.58134E+01  8.51153E+01  3.36253E+01 -2.50560E+01 -3.37162E+01 -2.69853E+01 -6.08452E+01 -2.04387E+01  2.31392E+01  7.17236E+00  7.59555E+00  1.35749E+01 -6.75808E+00 -2.55755E+02 -2.79112E+01 -8.39720E+01  3.97655E+01  4.34229E+01 -7.53386E+01 -3.46972E+01  0.00000E+00  0.00000E+00  0.00000E+00  0.00000E+00  0.00000E+00  0.00000E+00  0.00000E+00  0.00000E+00  0.00000E+00  0.00000E+00  0.00000E+00  0.00000E+00  0.00000E+00  0.00000E+00  0.00000E+00  0.00000E+00  0.00000E+00  0.00000E+00  0.00000E+00  0.00000E+00  0.00000E+00  0.00000E+00  0.00000E+00  0.00000E+00  0.00000E+00  0.00000E+00  0.00000E+00  0.00000E+00  0.00000E+00  0.00000E+00
 OMEGA(2,2)   -5.16735E+00  2.43509E+01 -1.62829E+01  7.36489E+00  1.54784E+01 -6.17630E+00 -1.43479E+00  1.12599E+01 -1.58851E+01  9.87084E+00 -8.95574E+00  0.00000E+00  0.00000E+00  0.00000E+00  0.00000E+00 -3.06133E+01  1.72758E+01  2.10829E+02  2.77170E+01 -1.88365E+01 -1.33652E+01  2.33989E+01  8.92060E+01 -5.23422E+00 -6.63761E+00  4.82279E+01  4.26090E+00 -2.74703E+01 -3.83976E+01  6.80723E+00 -2.18072E+01  1.08396E+02  5.11172E+01 -3.70752E-01  3.79047E+01 -1.82116E+01 -9.51722E+00 -1.65726E+02  4.43249E+01 -6.19769E+01 -8.58483E+00 -6.63992E+01  4.90650E+00 -5.55311E+00  9.92661E+01 -2.74302E+00  3.90451E+01 -3.46254E+01  3.42132E+01 -6.69515E+01  1.00907E+01  0.00000E+00  0.00000E+00  0.00000E+00  0.00000E+00  0.00000E+00  0.00000E+00  0.00000E+00  0.00000E+00  0.00000E+00  0.00000E+00  0.00000E+00  0.00000E+00  0.00000E+00  0.00000E+00  0.00000E+00  0.00000E+00  0.00000E+00  0.00000E+00  0.00000E+00  0.00000E+00  0.00000E+00  0.00000E+00  0.00000E+00  0.00000E+00  0.00000E+00  0.00000E+00  0.00000E+00  0.00000E+00  0.00000E+00  0.00000E+00
 OMEGA(3,1)   -6.60498E+00 -7.21982E+00 -2.79742E+00  1.38496E+01  2.22858E+01  2.04445E+01  8.48111E+00  2.22792E+01  4.82098E+01 -4.15326E+01 -4.06749E+00  0.00000E+00  0.00000E+00  0.00000E+00  0.00000E+00 -3.40235E+01  5.13539E+01  2.77170E+01  7.52441E+02  8.48096E+01  6.11018E+00 -1.73072E+01  2.88294E+01 -2.31287E+02  1.14478E+01 -2.40921E+02  4.44110E+01 -1.65051E+02  6.36168E+01  7.55248E+01 -2.69601E+01  7.53825E+01  1.53491E+02  6.26293E+01 -1.53511E+01 -2.54326E+01  5.88725E+01  3.05709E+01 -4.42662E+01 -4.54560E+01  6.01089E+01  5.80291E+01 -7.20356E+01 -7.58243E+01 -4.58212E+01 -1.98799E+02  1.00703E+02  2.66902E+01 -2.54445E+01  2.18018E+01 -2.37097E+01  0.00000E+00  0.00000E+00  0.00000E+00  0.00000E+00  0.00000E+00  0.00000E+00  0.00000E+00  0.00000E+00  0.00000E+00  0.00000E+00  0.00000E+00  0.00000E+00  0.00000E+00  0.00000E+00  0.00000E+00  0.00000E+00  0.00000E+00  0.00000E+00  0.00000E+00  0.00000E+00  0.00000E+00  0.00000E+00  0.00000E+00  0.00000E+00  0.00000E+00  0.00000E+00  0.00000E+00  0.00000E+00  0.00000E+00  0.00000E+00
 OMEGA(3,2)    1.31194E+01  2.11966E+01  2.19939E+01  2.20756E+00 -2.03810E+00 -1.32821E+01 -1.10978E+01  1.06418E+01 -3.85917E+00 -1.52337E+01  1.15689E+01  0.00000E+00  0.00000E+00  0.00000E+00  0.00000E+00  2.04452E+01  5.76038E+01 -1.88365E+01  8.48096E+01  5.27798E+02 -3.67147E+01  8.02578E+01  7.42958E+01  2.14726E+02  2.25614E+01 -2.38183E+01 -1.41035E+02  3.97816E+01 -4.82197E+01 -2.08572E+01  4.59835E+01 -4.29942E+01  1.35181E+02  5.07081E+01 -6.99965E+00  2.43017E+01  1.49701E+02  1.60255E+02 -1.15993E+02 -9.14323E+00  1.48754E+01  1.35667E+02 -2.62970E+01 -1.22504E+02 -1.00989E+02 -2.11835E+01 -2.99363E+01 -1.78220E+01 -1.15655E+01  3.02539E-02 -2.51026E+01  0.00000E+00  0.00000E+00  0.00000E+00  0.00000E+00  0.00000E+00  0.00000E+00  0.00000E+00  0.00000E+00  0.00000E+00  0.00000E+00  0.00000E+00  0.00000E+00  0.00000E+00  0.00000E+00  0.00000E+00  0.00000E+00  0.00000E+00  0.00000E+00  0.00000E+00  0.00000E+00  0.00000E+00  0.00000E+00  0.00000E+00  0.00000E+00  0.00000E+00  0.00000E+00  0.00000E+00  0.00000E+00  0.00000E+00  0.00000E+00
 OMEGA(3,3)    1.80042E+01  2.57368E-01 -8.46569E+00 -4.65279E-01  1.33980E+01 -3.08889E+00  1.14577E+01 -1.83365E+01 -2.62574E+01  1.86844E+01 -4.62460E+01  0.00000E+00  0.00000E+00  0.00000E+00  0.00000E+00 -4.56439E+01 -1.85886E+00 -1.33652E+01  6.11018E+00 -3.67147E+01  3.24522E+02 -3.64131E+01 -4.56446E+01 -2.71636E+01 -2.52548E+01  1.78335E+01 -7.20024E-01 -1.44795E+02  2.24188E+00  2.02338E+00  2.22969E+01  1.13550E+01 -1.45070E+02  2.09613E+00  8.20717E+00 -1.78989E+01  2.66326E+00  5.14809E+00  2.82679E+01 -5.92415E+01  9.83608E+00  2.50644E+01 -4.35409E+01  1.19930E+02 -1.70707E+01  2.07737E+01  2.46909E+01 -5.54571E+01 -6.96292E+01  9.50525E+00 -4.94765E+01  0.00000E+00  0.00000E+00  0.00000E+00  0.00000E+00  0.00000E+00  0.00000E+00  0.00000E+00  0.00000E+00  0.00000E+00  0.00000E+00  0.00000E+00  0.00000E+00  0.00000E+00  0.00000E+00  0.00000E+00  0.00000E+00  0.00000E+00  0.00000E+00  0.00000E+00  0.00000E+00  0.00000E+00  0.00000E+00  0.00000E+00  0.00000E+00  0.00000E+00  0.00000E+00  0.00000E+00  0.00000E+00  0.00000E+00  0.00000E+00
 OMEGA(4,1)   -1.75009E+01  2.44229E+01 -7.22461E+00  4.43069E+01  1.31868E+01  3.65223E+00  2.40068E+01  8.80367E+00 -1.50076E+01 -1.43105E+01  6.56959E+01  0.00000E+00  0.00000E+00  0.00000E+00  0.00000E+00 -2.39430E+02  1.93796E+02  2.33989E+01 -1.73072E+01  8.02578E+01 -3.64131E+01  7.14860E+02  1.66567E+01  9.18329E+01 -1.62259E+02  1.92104E+01 -3.69958E+01  1.49397E+01 -8.60802E+01 -5.87217E+00 -2.01125E+01  1.72128E+01  1.62942E+01  1.11894E+02  8.25319E-01  2.30030E+01  2.54108E+02  3.83309E+01 -1.64200E+01 -3.88380E+00  8.18230E+01  4.78065E+01  7.32446E+01 -1.27442E+02 -1.10124E+02  7.66944E+01 -1.20437E+02 -2.08402E+01 -1.10930E+02 -1.31190E+02  6.10598E+01  0.00000E+00  0.00000E+00  0.00000E+00  0.00000E+00  0.00000E+00  0.00000E+00  0.00000E+00  0.00000E+00  0.00000E+00  0.00000E+00  0.00000E+00  0.00000E+00  0.00000E+00  0.00000E+00  0.00000E+00  0.00000E+00  0.00000E+00  0.00000E+00  0.00000E+00  0.00000E+00  0.00000E+00  0.00000E+00  0.00000E+00  0.00000E+00  0.00000E+00  0.00000E+00  0.00000E+00  0.00000E+00  0.00000E+00  0.00000E+00
 OMEGA(4,2)   -1.62736E+01 -6.30216E+00 -1.31343E+01  2.37253E+00 -9.10994E+00  2.73062E+01  1.03014E+01  3.14201E+01  5.53400E+00 -4.23395E+01  2.58847E+01  0.00000E+00  0.00000E+00  0.00000E+00  0.00000E+00 -3.65473E+01 -1.30401E+02  8.92060E+01  2.88294E+01  7.42958E+01 -4.56446E+01  1.66567E+01  3.84543E+02  3.23842E+01  1.10242E+02  3.62182E+01 -2.57295E+00 -4.18279E+01  2.18869E+01 -5.51751E+00  3.42649E+01 -8.34797E+01  3.28415E+01  1.28791E+01  3.80547E+01  2.30822E+01  5.56403E+01  3.97199E+00 -5.28374E+01 -6.88406E+01  3.64949E+01  6.50951E+01  1.36665E+01 -4.14486E+01  6.45852E+00 -6.75304E+01  3.29700E+01 -1.93429E+01 -3.33955E+00  4.25100E+01  8.22665E+00  0.00000E+00  0.00000E+00  0.00000E+00  0.00000E+00  0.00000E+00  0.00000E+00  0.00000E+00  0.00000E+00  0.00000E+00  0.00000E+00  0.00000E+00  0.00000E+00  0.00000E+00  0.00000E+00  0.00000E+00  0.00000E+00  0.00000E+00  0.00000E+00  0.00000E+00  0.00000E+00  0.00000E+00  0.00000E+00  0.00000E+00  0.00000E+00  0.00000E+00  0.00000E+00  0.00000E+00  0.00000E+00  0.00000E+00  0.00000E+00
 OMEGA(4,3)    1.57212E+00  1.35703E+01  1.65450E+01 -2.15815E+01 -4.01536E+00 -5.06979E+00  3.33147E+00  1.67558E-01 -6.48828E+00  2.90335E+01  3.67971E+01  0.00000E+00  0.00000E+00  0.00000E+00  0.00000E+00 -3.43574E+01  8.29193E+01 -5.23422E+00 -2.31287E+02  2.14726E+02 -2.71636E+01  9.18329E+01  3.23842E+01  5.75807E+02  5.66426E+01 -2.29508E+01 -4.80121E+01  1.65652E+02 -1.17819E+02 -4.93993E+01  3.01505E+00 -1.72143E+01 -2.39206E+01 -6.35148E+01 -4.35119E+01  1.62844E+01  4.94675E+01  5.54350E+01 -4.29515E+01  6.98006E+01 -1.76362E+01  1.97428E+01  9.64051E+00  8.10709E+01 -1.28649E+02  3.82435E+01 -1.69709E+02 -8.41082E-01  3.60203E+01 -9.98823E+00 -6.51461E+01  0.00000E+00  0.00000E+00  0.00000E+00  0.00000E+00  0.00000E+00  0.00000E+00  0.00000E+00  0.00000E+00  0.00000E+00  0.00000E+00  0.00000E+00  0.00000E+00  0.00000E+00  0.00000E+00  0.00000E+00  0.00000E+00  0.00000E+00  0.00000E+00  0.00000E+00  0.00000E+00  0.00000E+00  0.00000E+00  0.00000E+00  0.00000E+00  0.00000E+00  0.00000E+00  0.00000E+00  0.00000E+00  0.00000E+00  0.00000E+00
 OMEGA(4,4)   -3.68617E+00 -7.85597E+00 -3.13082E+00 -1.31172E+01 -1.21943E+01 -2.36118E-01 -1.28008E+00  1.24310E+01  2.21078E+01 -1.73773E+01 -9.36204E+00  0.00000E+00  0.00000E+00  0.00000E+00  0.00000E+00  1.65243E+01 -4.29044E+01 -6.63761E+00  1.14478E+01  2.25614E+01 -2.52548E+01 -1.62259E+02  1.10242E+02  5.66426E+01  1.72279E+02 -2.48883E+01  1.08523E+01 -5.41124E-01  5.00677E+01 -2.68376E+00  4.06816E+01 -3.62585E+01  1.61703E+01 -5.65427E+01 -7.07717E+00 -3.61137E+00  7.21812E+00  2.07786E+01 -3.25713E+01  4.80858E+01 -1.94243E+01 -5.62034E+00 -2.69546E+01  5.24982E+01 -1.87775E+01 -5.60617E+01 -3.15847E+01  1.16782E+01  5.35441E+01  5.23213E+01 -2.41201E+01  0.00000E+00  0.00000E+00  0.00000E+00  0.00000E+00  0.00000E+00  0.00000E+00  0.00000E+00  0.00000E+00  0.00000E+00  0.00000E+00  0.00000E+00  0.00000E+00  0.00000E+00  0.00000E+00  0.00000E+00  0.00000E+00  0.00000E+00  0.00000E+00  0.00000E+00  0.00000E+00  0.00000E+00  0.00000E+00  0.00000E+00  0.00000E+00  0.00000E+00  0.00000E+00  0.00000E+00  0.00000E+00  0.00000E+00  0.00000E+00
 OMEGA(5,1)   -1.46443E+00  2.22307E+01 -2.99046E+00 -7.36756E-02 -5.53319E+00 -2.83595E+01 -2.23370E+01 -1.49842E+01 -2.11243E+01 -3.29006E+00 -7.50005E+00  0.00000E+00  0.00000E+00  0.00000E+00  0.00000E+00 -3.79578E+01 -6.49985E+01  4.82279E+01 -2.40921E+02 -2.38183E+01  1.78335E+01  1.92104E+01  3.62182E+01 -2.29508E+01 -2.48883E+01  6.76848E+02 -6.48822E+01  5.45652E+01 -2.76576E+02 -1.97465E+02  5.41236E+01 -5.90715E+01 -8.54310E+01 -1.34029E+02  5.20106E+01 -7.48127E+00 -2.73046E+01 -1.25728E+02 -2.67291E+00 -3.36800E+01 -1.23352E+02 -4.76995E+01  1.06859E+02  4.76266E+01  1.16765E+02  7.93335E+01 -2.42348E+01 -2.19459E+02 -7.79343E+01 -9.17719E+01  6.18083E+01  0.00000E+00  0.00000E+00  0.00000E+00  0.00000E+00  0.00000E+00  0.00000E+00  0.00000E+00  0.00000E+00  0.00000E+00  0.00000E+00  0.00000E+00  0.00000E+00  0.00000E+00  0.00000E+00  0.00000E+00  0.00000E+00  0.00000E+00  0.00000E+00  0.00000E+00  0.00000E+00  0.00000E+00  0.00000E+00  0.00000E+00  0.00000E+00  0.00000E+00  0.00000E+00  0.00000E+00  0.00000E+00  0.00000E+00  0.00000E+00
 OMEGA(5,2)    3.54530E+00 -6.68691E+00 -1.32398E+01  8.43046E+00  1.56869E+01  3.35307E+01  2.08888E+01  6.00378E+00  1.51596E+01 -2.21307E+01  4.97034E-02  0.00000E+00  0.00000E+00  0.00000E+00  0.00000E+00 -3.36264E+01 -4.06944E+01  4.26090E+00  4.44110E+01 -1.41035E+02 -7.20024E-01 -3.69958E+01 -2.57295E+00 -4.80121E+01  1.08523E+01 -6.48822E+01  4.61480E+02 -2.15328E+01  1.55297E+02  3.89504E+01 -5.38413E+01  1.70285E+02  3.63523E+01  8.59224E+01  7.30919E+01  1.09512E+01 -8.53076E+01 -2.11527E+01 -3.88686E+01  2.04152E+01 -1.48707E+01 -1.33595E+01 -2.35494E+01  4.04628E+01  5.90706E+01 -4.28896E+01  5.79328E+01  9.97332E+01  7.31231E+01  6.46068E+01 -7.96791E+00  0.00000E+00  0.00000E+00  0.00000E+00  0.00000E+00  0.00000E+00  0.00000E+00  0.00000E+00  0.00000E+00  0.00000E+00  0.00000E+00  0.00000E+00  0.00000E+00  0.00000E+00  0.00000E+00  0.00000E+00  0.00000E+00  0.00000E+00  0.00000E+00  0.00000E+00  0.00000E+00  0.00000E+00  0.00000E+00  0.00000E+00  0.00000E+00  0.00000E+00  0.00000E+00  0.00000E+00  0.00000E+00  0.00000E+00  0.00000E+00
 OMEGA(5,3)    2.82060E+01  1.78436E+01  3.15294E+01 -9.48700E+00 -1.87882E+01  9.84448E+00 -4.71385E+01 -2.05018E+01 -1.60055E+00 -1.36230E+01  6.56053E+01  0.00000E+00  0.00000E+00  0.00000E+00  0.00000E+00  9.86709E-01  1.51748E+01 -2.74703E+01 -1.65051E+02  3.97816E+01 -1.44795E+02  1.49397E+01 -4.18279E+01  1.65652E+02 -5.41124E-01  5.45652E+01 -2.15328E+01  7.90207E+02 -7.92889E+01 -2.69690E+02 -8.44314E+00 -1.72349E+01  7.37073E+01 -5.82317E+01 -1.50148E+02  4.52777E+01  2.12790E+01 -4.23645E+01 -1.48454E+02  4.46808E+01 -6.19991E+01 -5.83013E+01  1.58945E+02 -4.25401E+01 -3.20270E+01  1.54862E+02 -7.83614E+01 -8.91534E+01 -1.25784E+01 -6.49536E+01  1.35684E+01  0.00000E+00  0.00000E+00  0.00000E+00  0.00000E+00  0.00000E+00  0.00000E+00  0.00000E+00  0.00000E+00  0.00000E+00  0.00000E+00  0.00000E+00  0.00000E+00  0.00000E+00  0.00000E+00  0.00000E+00  0.00000E+00  0.00000E+00  0.00000E+00  0.00000E+00  0.00000E+00  0.00000E+00  0.00000E+00  0.00000E+00  0.00000E+00  0.00000E+00  0.00000E+00  0.00000E+00  0.00000E+00  0.00000E+00  0.00000E+00
 OMEGA(5,4)    4.95398E+00 -2.87612E+01 -1.63940E+01 -1.20929E+01  8.53206E+00  4.85769E+01  3.85246E+01  8.50617E+00  4.69838E+00  7.75337E+00 -2.60508E+01  0.00000E+00  0.00000E+00  0.00000E+00  0.00000E+00  4.51296E+00 -1.57108E+01 -3.83976E+01  6.36168E+01 -4.82197E+01  2.24188E+00 -8.60802E+01  2.18869E+01 -1.17819E+02  5.00677E+01 -2.76576E+02  1.55297E+02 -7.92889E+01  5.02465E+02  8.06668E+01 -5.05414E+01  4.74952E+01  5.46238E+01  1.25618E+02 -5.28305E+01  2.04987E+01 -3.37423E+01  7.63247E+01  3.62118E+01 -1.48251E+01  1.16379E+02  5.85966E+01 -5.84750E+01 -4.23073E+01 -3.91189E+01 -9.41195E+01  7.94863E+01 -5.73408E+01  9.61117E+01  9.78193E+01 -2.40251E+01  0.00000E+00  0.00000E+00  0.00000E+00  0.00000E+00  0.00000E+00  0.00000E+00  0.00000E+00  0.00000E+00  0.00000E+00  0.00000E+00  0.00000E+00  0.00000E+00  0.00000E+00  0.00000E+00  0.00000E+00  0.00000E+00  0.00000E+00  0.00000E+00  0.00000E+00  0.00000E+00  0.00000E+00  0.00000E+00  0.00000E+00  0.00000E+00  0.00000E+00  0.00000E+00  0.00000E+00  0.00000E+00  0.00000E+00  0.00000E+00
 OMEGA(5,5)   -1.26202E+01 -1.40725E+01 -1.18004E+01 -2.53265E+00  6.69911E+00  5.71130E+00  2.45715E+01  2.18994E+01  8.71660E+00 -1.34961E+01  8.64251E+00  0.00000E+00  0.00000E+00  0.00000E+00  0.00000E+00 -3.18294E+01  1.13478E+01  6.80723E+00  7.55248E+01 -2.08572E+01  2.02338E+00 -5.87217E+00 -5.51751E+00 -4.93993E+01 -2.68376E+00 -1.97465E+02  3.89504E+01 -2.69690E+02  8.06668E+01  2.93190E+02 -1.24772E+01  4.22482E+01  7.81401E+00  3.54577E+01  1.87970E+01 -3.06955E+01 -8.78139E+00  2.28159E+01  3.70759E+01 -2.51839E+01  3.39927E+01  1.25146E+01 -7.23109E+01  6.33458E+01 -8.50426E+00 -8.11428E+01 -4.00957E+01  1.15901E+02  3.20340E+01  3.25748E+01 -3.03748E+01  0.00000E+00  0.00000E+00  0.00000E+00  0.00000E+00  0.00000E+00  0.00000E+00  0.00000E+00  0.00000E+00  0.00000E+00  0.00000E+00  0.00000E+00  0.00000E+00  0.00000E+00  0.00000E+00  0.00000E+00  0.00000E+00  0.00000E+00  0.00000E+00  0.00000E+00  0.00000E+00  0.00000E+00  0.00000E+00  0.00000E+00  0.00000E+00  0.00000E+00  0.00000E+00  0.00000E+00  0.00000E+00  0.00000E+00  0.00000E+00
 OMEGA(6,1)   -4.67942E-01 -9.79305E+00  2.66428E+00 -4.42468E+00 -2.04755E+01  2.04006E+01 -2.69570E+00  1.82192E+01 -2.64484E+01 -2.59084E+01  8.48847E+00  0.00000E+00  0.00000E+00  0.00000E+00  0.00000E+00 -6.12099E-01 -3.06854E+01 -2.18072E+01 -2.69601E+01  4.59835E+01  2.22969E+01 -2.01125E+01  3.42649E+01  3.01505E+00  4.06816E+01  5.41236E+01 -5.38413E+01 -8.44314E+00 -5.05414E+01 -1.24772E+01  7.42104E+02 -1.33989E+02 -7.20389E+01 -2.72147E+02 -1.41807E+02  5.03339E+01  1.77152E+02  8.18574E+00  3.39053E+01 -6.98487E+01 -8.79351E+01 -6.38434E+01  3.79639E+01  1.09602E+00 -2.09733E+01 -4.96500E+01 -7.08719E+01 -1.04532E+02 -3.25582E+02 -6.80580E+01 -2.57409E+01  0.00000E+00  0.00000E+00  0.00000E+00  0.00000E+00  0.00000E+00  0.00000E+00  0.00000E+00  0.00000E+00  0.00000E+00  0.00000E+00  0.00000E+00  0.00000E+00  0.00000E+00  0.00000E+00  0.00000E+00  0.00000E+00  0.00000E+00  0.00000E+00  0.00000E+00  0.00000E+00  0.00000E+00  0.00000E+00  0.00000E+00  0.00000E+00  0.00000E+00  0.00000E+00  0.00000E+00  0.00000E+00  0.00000E+00  0.00000E+00
 OMEGA(6,2)    9.76892E+00  2.21217E+01 -1.50818E+01  1.37361E+01  3.72040E+01  7.45968E+00  8.05490E+00 -3.95373E+00  3.77616E+00  3.60806E+01 -2.47851E+01  0.00000E+00  0.00000E+00  0.00000E+00  0.00000E+00 -7.88121E+00  5.58134E+01  1.08396E+02  7.53825E+01 -4.29942E+01  1.13550E+01  1.72128E+01 -8.34797E+01 -1.72143E+01 -3.62585E+01 -5.90715E+01  1.70285E+02 -1.72349E+01  4.74952E+01  4.22482E+01 -1.33989E+02  5.94245E+02  1.33127E+02  2.58280E+02 -3.96870E+01  1.44260E+00 -3.13919E+01 -2.75824E+01  1.03001E+02  3.05497E+01  2.45405E+00 -1.06130E+02 -6.04350E+01 -6.78394E+00  7.26995E+01  4.37541E+00  6.81377E+01  5.69388E+01  1.27665E+02 -5.49676E+01  4.85643E+00  0.00000E+00  0.00000E+00  0.00000E+00  0.00000E+00  0.00000E+00  0.00000E+00  0.00000E+00  0.00000E+00  0.00000E+00  0.00000E+00  0.00000E+00  0.00000E+00  0.00000E+00  0.00000E+00  0.00000E+00  0.00000E+00  0.00000E+00  0.00000E+00  0.00000E+00  0.00000E+00  0.00000E+00  0.00000E+00  0.00000E+00  0.00000E+00  0.00000E+00  0.00000E+00  0.00000E+00  0.00000E+00  0.00000E+00  0.00000E+00
 OMEGA(6,3)    7.85645E+00  6.53337E+00 -2.45777E+01 -8.55940E+00  1.83300E+01  7.81583E+00  8.94546E+00  2.84494E+01  3.48386E+01  5.25368E+01  7.61769E+00  0.00000E+00  0.00000E+00  0.00000E+00  0.00000E+00  1.00370E+01  8.51153E+01  5.11172E+01  1.53491E+02  1.35181E+02 -1.45070E+02  1.62942E+01  3.28415E+01 -2.39206E+01  1.61703E+01 -8.54310E+01  3.63523E+01  7.37073E+01  5.46238E+01  7.81401E+00 -7.20389E+01  1.33127E+02  7.04150E+02  9.87278E+01 -1.81899E+02 -1.18347E+02  9.96516E+01  2.60762E+01  3.23011E+01 -6.18698E+01 -1.81329E+01 -1.17923E+02  1.20727E+00 -1.44559E+02  6.21108E+01 -1.36246E+02  3.39161E+01  5.34327E+01  8.75043E+01 -3.39368E+01  7.57158E+01  0.00000E+00  0.00000E+00  0.00000E+00  0.00000E+00  0.00000E+00  0.00000E+00  0.00000E+00  0.00000E+00  0.00000E+00  0.00000E+00  0.00000E+00  0.00000E+00  0.00000E+00  0.00000E+00  0.00000E+00  0.00000E+00  0.00000E+00  0.00000E+00  0.00000E+00  0.00000E+00  0.00000E+00  0.00000E+00  0.00000E+00  0.00000E+00  0.00000E+00  0.00000E+00  0.00000E+00  0.00000E+00  0.00000E+00  0.00000E+00
 OMEGA(6,4)    1.64846E+00  1.42287E+01 -5.23917E+00  1.26702E+01  1.47562E+01  2.25422E+01 -1.05621E+01 -1.46139E+01  1.14633E+01 -3.36536E+01 -4.49012E+00  0.00000E+00  0.00000E+00  0.00000E+00  0.00000E+00 -1.63731E+00  3.36253E+01 -3.70752E-01  6.26293E+01  5.07081E+01  2.09613E+00  1.11894E+02  1.28791E+01 -6.35148E+01 -5.65427E+01 -1.34029E+02  8.59224E+01 -5.82317E+01  1.25618E+02  3.54577E+01 -2.72147E+02  2.58280E+02  9.87278E+01  6.83840E+02  7.17017E+01 -6.75377E+01 -1.34063E-01  1.38084E+02 -1.27854E+01  2.48982E+01  1.97851E+02  1.43910E+02 -6.89525E+01 -1.73026E+02 -2.01706E+01 -3.51503E+01  1.43271E+02  1.23596E+02  2.50661E+01  1.53002E+02  3.80698E+01  0.00000E+00  0.00000E+00  0.00000E+00  0.00000E+00  0.00000E+00  0.00000E+00  0.00000E+00  0.00000E+00  0.00000E+00  0.00000E+00  0.00000E+00  0.00000E+00  0.00000E+00  0.00000E+00  0.00000E+00  0.00000E+00  0.00000E+00  0.00000E+00  0.00000E+00  0.00000E+00  0.00000E+00  0.00000E+00  0.00000E+00  0.00000E+00  0.00000E+00  0.00000E+00  0.00000E+00  0.00000E+00  0.00000E+00  0.00000E+00
 OMEGA(6,5)   -1.87604E+01  1.91819E+01  9.89392E-01  2.84587E+01 -3.02964E-02 -6.78624E+00  4.97736E+00 -2.41042E+01 -1.43496E+00 -1.08025E+02 -2.06217E+01  0.00000E+00  0.00000E+00  0.00000E+00  0.00000E+00 -1.10235E+01 -2.50560E+01  3.79047E+01 -1.53511E+01 -6.99965E+00  8.20717E+00  8.25319E-01  3.80547E+01 -4.35119E+01 -7.07717E+00  5.20106E+01  7.30919E+01 -1.50148E+02 -5.28305E+01  1.87970E+01 -1.41807E+02 -3.96870E+01 -1.81899E+02  7.17017E+01  6.03732E+02  8.73410E+01 -1.14690E+02 -1.44914E+01 -5.59887E+01  6.49046E+01  1.30398E+02  5.40497E+01 -3.80822E+01 -9.65356E+01  6.24889E+01  8.51923E+00  1.44760E+02  5.14535E+01  8.88474E+01  9.86199E+01  4.25082E+01  0.00000E+00  0.00000E+00  0.00000E+00  0.00000E+00  0.00000E+00  0.00000E+00  0.00000E+00  0.00000E+00  0.00000E+00  0.00000E+00  0.00000E+00  0.00000E+00  0.00000E+00  0.00000E+00  0.00000E+00  0.00000E+00  0.00000E+00  0.00000E+00  0.00000E+00  0.00000E+00  0.00000E+00  0.00000E+00  0.00000E+00  0.00000E+00  0.00000E+00  0.00000E+00  0.00000E+00  0.00000E+00  0.00000E+00  0.00000E+00
 OMEGA(6,6)    4.19741E+00  1.44284E-01 -1.88595E+00  1.68578E+01  9.48453E+00  2.79102E+01  6.99179E+00 -6.17229E+00 -2.65175E+00 -3.30756E+01  2.47423E+01  0.00000E+00  0.00000E+00  0.00000E+00  0.00000E+00  7.06208E+00 -3.37162E+01 -1.82116E+01 -2.54326E+01  2.43017E+01 -1.78989E+01  2.30030E+01  2.30822E+01  1.62844E+01 -3.61137E+00 -7.48127E+00  1.09512E+01  4.52777E+01  2.04987E+01 -3.06955E+01  5.03339E+01  1.44260E+00 -1.18347E+02 -6.75377E+01  8.73410E+01  2.56733E+02 -3.48855E+01  3.83878E+01 -9.31003E+01  1.85617E+01  3.20525E+01  7.48068E+01 -2.20651E+01 -4.10149E+01 -2.33148E+01  3.86738E+01  2.90283E+01 -2.92243E+01 -5.49665E+01  3.16738E+01 -2.20752E+01  0.00000E+00  0.00000E+00  0.00000E+00  0.00000E+00  0.00000E+00  0.00000E+00  0.00000E+00  0.00000E+00  0.00000E+00  0.00000E+00  0.00000E+00  0.00000E+00  0.00000E+00  0.00000E+00  0.00000E+00  0.00000E+00  0.00000E+00  0.00000E+00  0.00000E+00  0.00000E+00  0.00000E+00  0.00000E+00  0.00000E+00  0.00000E+00  0.00000E+00  0.00000E+00  0.00000E+00  0.00000E+00  0.00000E+00  0.00000E+00
