TABLE NO.     1: NUTS Bayesian Analysis: Problem=1 Subproblem=0 Superproblem1=0 Iteration1=0 Superproblem2=0 Iteration2=0
 NAME         THETA1       THETA2       THETA3       THETA4       THETA5       THETA6       THETA7       THETA8       THETA9       THETA10      THETA11      THETA12      SIGMA(1,1)   SIGMA(2,1)   SIGMA(2,2)   OMEGA(1,1)   OMEGA(2,1)   OMEGA(2,2)   OMEGA(3,1)   OMEGA(3,2)   OMEGA(3,3)   OMEGA(4,1)   OMEGA(4,2)   OMEGA(4,3)   OMEGA(4,4)   OMEGA(5,1)   OMEGA(5,2)   OMEGA(5,3)   OMEGA(5,4)   OMEGA(5,5)   OMEGA(6,1)   OMEGA(6,2)   OMEGA(6,3)   OMEGA(6,4)   OMEGA(6,5)   OMEGA(6,6)   OMEGA(7,1)   OMEGA(7,2)   OMEGA(7,3)   OMEGA(7,4)   OMEGA(7,5)   OMEGA(7,6)   OMEGA(7,7)   OMEGA(8,1)   OMEGA(8,2)   OMEGA(8,3)   OMEGA(8,4)   OMEGA(8,5)   OMEGA(8,6)   OMEGA(8,7)   OMEGA(8,8)   OMEGA(9,1)   OMEGA(9,2)   OMEGA(9,3)   OMEGA(9,4)   OMEGA(9,5)   OMEGA(9,6)   OMEGA(9,7)   OMEGA(9,8)   OMEGA(9,9)   OMEGA(10,1)  OMEGA(10,2)  OMEGA(10,3)  OMEGA(10,4)  OMEGA(10,5)  OMEGA(10,6)  OMEGA(10,7)  OMEGA(10,8)  OMEGA(10,9)  OMEGA(10,10) OMEGA(11,1)  OMEGA(11,2)  OMEGA(11,3)  OMEGA(11,4)  OMEGA(11,5)  OMEGA(11,6)  OMEGA(11,7)  OMEGA(11,8)  OMEGA(11,9)  OMEGA(11,10) OMEGA(11,11)
 THETA1        1.32720E-01 -7.82213E-02 -1.15806E-02  1.66015E-01 -1.71719E-02 -2.51526E-01  2.22631E-01  1.52028E-01 -1.07238E-01 -2.10659E-02  4.89011E-02  0.00000E+00  0.00000E+00  0.00000E+00  0.00000E+00 -7.76709E-02 -7.35548E-02  7.07485E-02  1.62009E-01 -8.19045E-02  9.52212E-03  5.43236E-02 -4.95493E-02  6.86616E-02  4.23270E-02 -9.65821E-02  1.63677E-02 -1.11794E-02 -8.67973E-02  7.80371E-02  2.04389E-01 -5.79432E-02  5.19597E-02 -3.27096E-02 -7.88063E-02  5.02014E-02 -1.99394E-01  1.51275E-01 -4.91124E-02 -9.74610E-02  4.41064E-03 -4.09245E-02  1.36030E-01 -7.25141E-02  2.32731E-02  9.33005E-02 -7.04566E-03 -8.26218E-02  1.55584E-01 -5.77192E-03 -3.22222E-02  0.00000E+00  0.00000E+00  0.00000E+00  0.00000E+00  0.00000E+00  0.00000E+00  0.00000E+00  0.00000E+00  0.00000E+00  0.00000E+00  0.00000E+00  0.00000E+00  0.00000E+00  0.00000E+00  0.00000E+00  0.00000E+00  0.00000E+00  0.00000E+00  0.00000E+00  0.00000E+00  0.00000E+00  0.00000E+00  0.00000E+00  0.00000E+00  0.00000E+00  0.00000E+00  0.00000E+00  0.00000E+00  0.00000E+00  0.00000E+00
 THETA2       -7.82213E-02  1.49003E-01 -1.23387E-01 -2.79782E-01 -2.53291E-02  1.04910E-01  1.30233E-01 -3.66791E-02  3.87825E-02 -4.01938E-02 -9.72206E-02  0.00000E+00  0.00000E+00  0.00000E+00  0.00000E+00  6.09009E-02 -1.33307E-01 -3.64553E-03 -7.93988E-03  4.00815E-02 -1.63432E-02 -3.65083E-02 -3.42374E-02 -5.38729E-02  1.15821E-01 -6.71707E-02  4.15911E-02  2.67666E-03 -6.47419E-02 -7.05925E-02 -5.54069E-02  6.06064E-02  4.78712E-04  2.07873E-02  1.06171E-02  2.77628E-02  9.38935E-02 -2.07272E-01  1.10272E-01  1.62864E-01 -7.17720E-02 -8.67806E-03 -1.46486E-01  8.02036E-03 -1.56913E-01  1.65611E-02  8.44394E-02 -6.96184E-02  2.73523E-02  7.74429E-02  4.88790E-03  0.00000E+00  0.00000E+00  0.00000E+00  0.00000E+00  0.00000E+00  0.00000E+00  0.00000E+00  0.00000E+00  0.00000E+00  0.00000E+00  0.00000E+00  0.00000E+00  0.00000E+00  0.00000E+00  0.00000E+00  0.00000E+00  0.00000E+00  0.00000E+00  0.00000E+00  0.00000E+00  0.00000E+00  0.00000E+00  0.00000E+00  0.00000E+00  0.00000E+00  0.00000E+00  0.00000E+00  0.00000E+00  0.00000E+00  0.00000E+00
 THETA3       -1.15806E-02 -1.23387E-01  1.92354E-01 -9.57701E-02  6.01236E-01  5.44338E-02  2.72677E-02  4.54115E-02  2.08596E-02  4.10490E-03 -1.25617E-01  0.00000E+00  0.00000E+00  0.00000E+00  0.00000E+00  6.63658E-02  3.55661E-02 -3.00771E-02 -5.37180E-02 -7.23123E-02 -5.26199E-03  9.54200E-02 -4.10378E-03  5.78903E-02  1.02168E-01 -7.18020E-02 -2.37852E-02 -8.76270E-02  1.64870E-02 -2.98590E-02 -3.41489E-02 -4.67270E-02  1.67174E-01  2.87789E-03 -9.52074E-03  1.86649E-03  4.54717E-02  1.13164E-04 -1.81138E-01 -6.97387E-02  2.73718E-02 -1.42660E-02 -3.83059E-03  8.71681E-02 -1.90761E-03 -1.02619E-01  1.33032E-01 -1.33168E-01  3.42034E-03  1.52943E-03 -1.08240E-02  0.00000E+00  0.00000E+00  0.00000E+00  0.00000E+00  0.00000E+00  0.00000E+00  0.00000E+00  0.00000E+00  0.00000E+00  0.00000E+00  0.00000E+00  0.00000E+00  0.00000E+00  0.00000E+00  0.00000E+00  0.00000E+00  0.00000E+00  0.00000E+00  0.00000E+00  0.00000E+00  0.00000E+00  0.00000E+00  0.00000E+00  0.00000E+00  0.00000E+00  0.00000E+00  0.00000E+00  0.00000E+00  0.00000E+00  0.00000E+00
 THETA4        1.66015E-01 -2.79782E-01 -9.57701E-02  1.76684E-01 -1.39043E-01 -2.56153E-02 -3.11705E-03  1.21073E-01 -3.74926E-02  1.39859E-01  7.59433E-02  0.00000E+00  0.00000E+00  0.00000E+00  0.00000E+00 -1.52759E-01  2.28208E-03  1.02852E-03  1.58765E-01 -1.23501E-01  5.06785E-02 -5.09785E-02 -1.36779E-02  1.48917E-01 -2.12028E-01  1.33745E-01 -9.38956E-02  5.55352E-02  2.11755E-01  5.66213E-02  5.42287E-02 -5.47216E-02 -4.45683E-02 -1.22652E-02 -9.87260E-02  5.00811E-02 -4.44232E-03  3.12747E-02 -4.03412E-02 -3.18663E-01 -9.77067E-02 -7.91781E-02  4.53248E-02 -7.00034E-02  3.61377E-02  6.47749E-02 -5.75681E-02  1.87265E-01  2.04512E-02  2.74644E-02 -8.60605E-02  0.00000E+00  0.00000E+00  0.00000E+00  0.00000E+00  0.00000E+00  0.00000E+00  0.00000E+00  0.00000E+00  0.00000E+00  0.00000E+00  0.00000E+00  0.00000E+00  0.00000E+00  0.00000E+00  0.00000E+00  0.00000E+00  0.00000E+00  0.00000E+00  0.00000E+00  0.00000E+00  0.00000E+00  0.00000E+00  0.00000E+00  0.00000E+00  0.00000E+00  0.00000E+00  0.00000E+00  0.00000E+00  0.00000E+00  0.00000E+00
 THETA5       -1.71719E-02 -2.53291E-02  6.01236E-01 -1.39043E-01  1.93720E-01  6.70058E-02  1.11468E-01 -9.36246E-02  5.03790E-02 -1.78666E-01 -6.31480E-02  0.00000E+00  0.00000E+00  0.00000E+00  0.00000E+00  1.00032E-01  6.85104E-02 -5.94073E-02  1.76700E-02 -3.61668E-02 -6.01702E-02  1.28264E-01  7.86655E-02  5.20723E-02  8.04709E-02 -1.69341E-01  4.58465E-02 -6.68571E-02 -8.07162E-02 -2.57042E-03  1.28194E-01 -9.70284E-02  9.52616E-03  2.53869E-02  1.65583E-01 -5.00909E-02  7.08367E-02  1.46642E-02 -7.65849E-02 -1.57649E-02 -5.27822E-02 -2.11609E-02 -3.55602E-02  9.11031E-02 -2.69404E-02 -1.60552E-01  1.08692E-01 -1.69750E-01 -4.20055E-02  1.04484E-01 -9.89153E-03  0.00000E+00  0.00000E+00  0.00000E+00  0.00000E+00  0.00000E+00  0.00000E+00  0.00000E+00  0.00000E+00  0.00000E+00  0.00000E+00  0.00000E+00  0.00000E+00  0.00000E+00  0.00000E+00  0.00000E+00  0.00000E+00  0.00000E+00  0.00000E+00  0.00000E+00  0.00000E+00  0.00000E+00  0.00000E+00  0.00000E+00  0.00000E+00  0.00000E+00  0.00000E+00  0.00000E+00  0.00000E+00  0.00000E+00  0.00000E+00
 THETA6       -2.51526E-01  1.04910E-01  5.44338E-02 -2.56153E-02  6.70058E-02  1.07154E-01 -6.83739E-02  2.22967E-02  2.92926E-01  1.91439E-02  6.49198E-02  0.00000E+00  0.00000E+00  0.00000E+00  0.00000E+00  5.77586E-02 -1.55516E-02 -9.77316E-02  1.78537E-02 -1.13844E-01 -1.56586E-02 -5.89245E-02  9.99981E-02  2.61255E-03 -1.03811E-01  2.45662E-02 -6.58930E-02 -2.65010E-02  6.12954E-02 -1.85714E-02 -2.11328E-01 -1.73500E-02  1.51938E-02 -4.50802E-02 -3.93698E-02  6.26525E-02 -2.27167E-02 -6.76029E-02 -6.02161E-03  1.31277E-02  6.37233E-02 -1.03467E-01 -3.15302E-02 -4.98219E-02 -1.36444E-03  4.44426E-02  1.52588E-02 -3.99471E-02 -1.30427E-02 -1.76238E-02  4.23590E-02  0.00000E+00  0.00000E+00  0.00000E+00  0.00000E+00  0.00000E+00  0.00000E+00  0.00000E+00  0.00000E+00  0.00000E+00  0.00000E+00  0.00000E+00  0.00000E+00  0.00000E+00  0.00000E+00  0.00000E+00  0.00000E+00  0.00000E+00  0.00000E+00  0.00000E+00  0.00000E+00  0.00000E+00  0.00000E+00  0.00000E+00  0.00000E+00  0.00000E+00  0.00000E+00  0.00000E+00  0.00000E+00  0.00000E+00  0.00000E+00
 THETA7        2.22631E-01  1.30233E-01  2.72677E-02 -3.11705E-03  1.11468E-01 -6.83739E-02  1.18082E-01  1.41229E-01 -2.72641E-02 -1.09303E-01 -8.44458E-02  0.00000E+00  0.00000E+00  0.00000E+00  0.00000E+00 -2.49528E-02  7.44384E-02  4.86175E-04 -2.78470E-02 -9.19700E-03 -3.42805E-05  2.06750E-02 -2.67061E-02  2.96215E-04 -1.08899E-02 -8.13973E-02  4.20079E-02  1.30651E-02 -6.02509E-02 -8.81327E-03  4.81494E-03  3.93874E-02  1.47808E-02 -1.27403E-01  9.73383E-02  4.45185E-02  1.86919E-02 -6.67718E-02  1.06874E-01 -1.26643E-02  7.11872E-02 -2.25668E-02 -7.41161E-02 -4.10926E-02 -1.62100E-02  6.56621E-02  3.42751E-02 -6.16432E-02 -4.88474E-02 -4.75434E-02  8.14501E-02  0.00000E+00  0.00000E+00  0.00000E+00  0.00000E+00  0.00000E+00  0.00000E+00  0.00000E+00  0.00000E+00  0.00000E+00  0.00000E+00  0.00000E+00  0.00000E+00  0.00000E+00  0.00000E+00  0.00000E+00  0.00000E+00  0.00000E+00  0.00000E+00  0.00000E+00  0.00000E+00  0.00000E+00  0.00000E+00  0.00000E+00  0.00000E+00  0.00000E+00  0.00000E+00  0.00000E+00  0.00000E+00  0.00000E+00  0.00000E+00
 THETA8        1.52028E-01 -3.66791E-02  4.54115E-02  1.21073E-01 -9.36246E-02  2.22967E-02  1.41229E-01  1.44622E-01  1.62040E-01  1.08249E-01  8.49377E-02  0.00000E+00  0.00000E+00  0.00000E+00  0.00000E+00 -1.30750E-01 -5.36690E-02 -4.99158E-03 -3.39057E-02 -5.89971E-02  8.00034E-02 -6.66045E-02 -5.96858E-02  2.79495E-02  1.01975E-02 -4.74923E-02 -8.99185E-03  6.10050E-02  2.28493E-02  6.99448E-02  1.85012E-02 -2.36159E-02 -4.73988E-03 -3.31894E-02 -1.31548E-02  8.75780E-02 -9.60720E-03 -6.51435E-03  3.66595E-02  7.19546E-02  1.16516E-02 -1.45392E-02  8.11929E-02 -4.29293E-02 -1.50766E-01  8.91529E-02  6.87636E-02  3.87812E-02  7.20124E-02 -2.06873E-01 -8.33696E-03  0.00000E+00  0.00000E+00  0.00000E+00  0.00000E+00  0.00000E+00  0.00000E+00  0.00000E+00  0.00000E+00  0.00000E+00  0.00000E+00  0.00000E+00  0.00000E+00  0.00000E+00  0.00000E+00  0.00000E+00  0.00000E+00  0.00000E+00  0.00000E+00  0.00000E+00  0.00000E+00  0.00000E+00  0.00000E+00  0.00000E+00  0.00000E+00  0.00000E+00  0.00000E+00  0.00000E+00  0.00000E+00  0.00000E+00  0.00000E+00
 THETA9       -1.07238E-01  3.87825E-02  2.08596E-02 -3.74926E-02  5.03790E-02  2.92926E-01 -2.72641E-02  1.62040E-01  8.57903E-02  6.84237E-02  1.17373E-02  0.00000E+00  0.00000E+00  0.00000E+00  0.00000E+00  7.04728E-02 -5.88655E-02  5.62807E-02  9.13234E-02 -1.17450E-01  1.43523E-02 -5.50520E-02 -4.18987E-02  1.13270E-01  9.44980E-02  8.14579E-02 -5.35392E-02  5.01430E-02  5.47628E-02  1.04603E-01 -3.23956E-02  1.04859E-02 -7.60774E-03 -6.49230E-03 -3.02620E-02 -3.94746E-02 -4.28290E-02  4.52767E-02 -3.76848E-02  1.37124E-02  3.41385E-02 -1.48744E-02  8.80663E-02  4.71254E-02 -5.00961E-02  1.05625E-01  1.02368E-01  1.06313E-01 -1.86708E-02  6.25818E-02  2.13749E-02  0.00000E+00  0.00000E+00  0.00000E+00  0.00000E+00  0.00000E+00  0.00000E+00  0.00000E+00  0.00000E+00  0.00000E+00  0.00000E+00  0.00000E+00  0.00000E+00  0.00000E+00  0.00000E+00  0.00000E+00  0.00000E+00  0.00000E+00  0.00000E+00  0.00000E+00  0.00000E+00  0.00000E+00  0.00000E+00  0.00000E+00  0.00000E+00  0.00000E+00  0.00000E+00  0.00000E+00  0.00000E+00  0.00000E+00  0.00000E+00
 THETA10      -2.10659E-02 -4.01938E-02  4.10490E-03  1.39859E-01 -1.78666E-01  1.91439E-02 -1.09303E-01  1.08249E-01  6.84237E-02  4.12265E-02 -1.98140E-02  0.00000E+00  0.00000E+00  0.00000E+00  0.00000E+00 -9.18394E-02  9.08173E-03 -1.88427E-02 -5.53049E-02  3.94430E-02 -8.39520E-02 -2.90383E-02 -3.97888E-02 -4.11157E-02 -6.54202E-02  1.12569E-01  5.75048E-02  5.00424E-03  2.81532E-02 -3.67085E-02  1.77179E-02 -3.56285E-02  4.57681E-02  3.91813E-02 -1.79235E-01  1.71806E-02 -1.80596E-02  3.73174E-02 -1.65289E-02 -1.54599E-01  5.41528E-02 -5.83423E-02  1.40692E-02 -2.39125E-02 -4.97586E-02  3.43317E-02 -3.65103E-02  9.52399E-02  1.68733E-01 -1.18749E-01  8.32008E-02  0.00000E+00  0.00000E+00  0.00000E+00  0.00000E+00  0.00000E+00  0.00000E+00  0.00000E+00  0.00000E+00  0.00000E+00  0.00000E+00  0.00000E+00  0.00000E+00  0.00000E+00  0.00000E+00  0.00000E+00  0.00000E+00  0.00000E+00  0.00000E+00  0.00000E+00  0.00000E+00  0.00000E+00  0.00000E+00  0.00000E+00  0.00000E+00  0.00000E+00  0.00000E+00  0.00000E+00  0.00000E+00  0.00000E+00  0.00000E+00
 THETA11       4.89011E-02 -9.72206E-02 -1.25617E-01  7.59433E-02 -6.31480E-02  6.49198E-02 -8.44458E-02  8.49377E-02  1.17373E-02 -1.98140E-02  6.76973E-02  0.00000E+00  0.00000E+00  0.00000E+00  0.00000E+00 -2.20087E-02  3.74727E-02  1.24979E-02 -4.42832E-02  3.08367E-02  5.90406E-02 -9.98748E-02  2.94885E-02 -4.26425E-02 -6.07988E-02  1.10305E-02 -2.53148E-02 -8.33996E-04  4.03218E-02 -2.01320E-02 -7.43640E-02  3.76120E-02 -5.55643E-02 -1.22190E-01  1.30376E-02 -2.81377E-02 -1.64557E-02  3.58477E-02  4.27237E-02 -5.69438E-02 -6.40141E-02  9.04575E-02  7.77085E-02 -1.99153E-02  1.28291E-01  2.79196E-02 -1.28527E-01  1.09242E-01 -5.85405E-02 -6.17630E-02  5.55646E-02  0.00000E+00  0.00000E+00  0.00000E+00  0.00000E+00  0.00000E+00  0.00000E+00  0.00000E+00  0.00000E+00  0.00000E+00  0.00000E+00  0.00000E+00  0.00000E+00  0.00000E+00  0.00000E+00  0.00000E+00  0.00000E+00  0.00000E+00  0.00000E+00  0.00000E+00  0.00000E+00  0.00000E+00  0.00000E+00  0.00000E+00  0.00000E+00  0.00000E+00  0.00000E+00  0.00000E+00  0.00000E+00  0.00000E+00  0.00000E+00
 THETA12       0.00000E+00  0.00000E+00  0.00000E+00  0.00000E+00  0.00000E+00  0.00000E+00  0.00000E+00  0.00000E+00  0.00000E+00  0.00000E+00  0.00000E+00  0.00000E+00  0.00000E+00  0.00000E+00  0.00000E+00  0.00000E+00  0.00000E+00  0.00000E+00  0.00000E+00  0.00000E+00  0.00000E+00  0.00000E+00  0.00000E+00  0.00000E+00  0.00000E+00  0.00000E+00  0.00000E+00  0.00000E+00  0.00000E+00  0.00000E+00  0.00000E+00  0.00000E+00  0.00000E+00  0.00000E+00  0.00000E+00  0.00000E+00  0.00000E+00  0.00000E+00  0.00000E+00  0.00000E+00  0.00000E+00  0.00000E+00  0.00000E+00  0.00000E+00  0.00000E+00  0.00000E+00  0.00000E+00  0.00000E+00  0.00000E+00  0.00000E+00  0.00000E+00  0.00000E+00  0.00000E+00  0.00000E+00  0.00000E+00  0.00000E+00  0.00000E+00  0.00000E+00  0.00000E+00  0.00000E+00  0.00000E+00  0.00000E+00  0.00000E+00  0.00000E+00  0.00000E+00  0.00000E+00  0.00000E+00  0.00000E+00  0.00000E+00  0.00000E+00  0.00000E+00  0.00000E+00  0.00000E+00  0.00000E+00  0.00000E+00  0.00000E+00  0.00000E+00  0.00000E+00  0.00000E+00  0.00000E+00  0.00000E+00
 SIGMA(1,1)    0.00000E+00  0.00000E+00  0.00000E+00  0.00000E+00  0.00000E+00  0.00000E+00  0.00000E+00  0.00000E+00  0.00000E+00  0.00000E+00  0.00000E+00  0.00000E+00  0.00000E+00  0.00000E+00  0.00000E+00  0.00000E+00  0.00000E+00  0.00000E+00  0.00000E+00  0.00000E+00  0.00000E+00  0.00000E+00  0.00000E+00  0.00000E+00  0.00000E+00  0.00000E+00  0.00000E+00  0.00000E+00  0.00000E+00  0.00000E+00  0.00000E+00  0.00000E+00  0.00000E+00  0.00000E+00  0.00000E+00  0.00000E+00  0.00000E+00  0.00000E+00  0.00000E+00  0.00000E+00  0.00000E+00  0.00000E+00  0.00000E+00  0.00000E+00  0.00000E+00  0.00000E+00  0.00000E+00  0.00000E+00  0.00000E+00  0.00000E+00  0.00000E+00  0.00000E+00  0.00000E+00  0.00000E+00  0.00000E+00  0.00000E+00  0.00000E+00  0.00000E+00  0.00000E+00  0.00000E+00  0.00000E+00  0.00000E+00  0.00000E+00  0.00000E+00  0.00000E+00  0.00000E+00  0.00000E+00  0.00000E+00  0.00000E+00  0.00000E+00  0.00000E+00  0.00000E+00  0.00000E+00  0.00000E+00  0.00000E+00  0.00000E+00  0.00000E+00  0.00000E+00  0.00000E+00  0.00000E+00  0.00000E+00
 SIGMA(2,1)    0.00000E+00  0.00000E+00  0.00000E+00  0.00000E+00  0.00000E+00  0.00000E+00  0.00000E+00  0.00000E+00  0.00000E+00  0.00000E+00  0.00000E+00  0.00000E+00  0.00000E+00  0.00000E+00  0.00000E+00  0.00000E+00  0.00000E+00  0.00000E+00  0.00000E+00  0.00000E+00  0.00000E+00  0.00000E+00  0.00000E+00  0.00000E+00  0.00000E+00  0.00000E+00  0.00000E+00  0.00000E+00  0.00000E+00  0.00000E+00  0.00000E+00  0.00000E+00  0.00000E+00  0.00000E+00  0.00000E+00  0.00000E+00  0.00000E+00  0.00000E+00  0.00000E+00  0.00000E+00  0.00000E+00  0.00000E+00  0.00000E+00  0.00000E+00  0.00000E+00  0.00000E+00  0.00000E+00  0.00000E+00  0.00000E+00  0.00000E+00  0.00000E+00  0.00000E+00  0.00000E+00  0.00000E+00  0.00000E+00  0.00000E+00  0.00000E+00  0.00000E+00  0.00000E+00  0.00000E+00  0.00000E+00  0.00000E+00  0.00000E+00  0.00000E+00  0.00000E+00  0.00000E+00  0.00000E+00  0.00000E+00  0.00000E+00  0.00000E+00  0.00000E+00  0.00000E+00  0.00000E+00  0.00000E+00  0.00000E+00  0.00000E+00  0.00000E+00  0.00000E+00  0.00000E+00  0.00000E+00  0.00000E+00
 SIGMA(2,2)    0.00000E+00  0.00000E+00  0.00000E+00  0.00000E+00  0.00000E+00  0.00000E+00  0.00000E+00  0.00000E+00  0.00000E+00  0.00000E+00  0.00000E+00  0.00000E+00  0.00000E+00  0.00000E+00  0.00000E+00  0.00000E+00  0.00000E+00  0.00000E+00  0.00000E+00  0.00000E+00  0.00000E+00  0.00000E+00  0.00000E+00  0.00000E+00  0.00000E+00  0.00000E+00  0.00000E+00  0.00000E+00  0.00000E+00  0.00000E+00  0.00000E+00  0.00000E+00  0.00000E+00  0.00000E+00  0.00000E+00  0.00000E+00  0.00000E+00  0.00000E+00  0.00000E+00  0.00000E+00  0.00000E+00  0.00000E+00  0.00000E+00  0.00000E+00  0.00000E+00  0.00000E+00  0.00000E+00  0.00000E+00  0.00000E+00  0.00000E+00  0.00000E+00  0.00000E+00  0.00000E+00  0.00000E+00  0.00000E+00  0.00000E+00  0.00000E+00  0.00000E+00  0.00000E+00  0.00000E+00  0.00000E+00  0.00000E+00  0.00000E+00  0.00000E+00  0.00000E+00  0.00000E+00  0.00000E+00  0.00000E+00  0.00000E+00  0.00000E+00  0.00000E+00  0.00000E+00  0.00000E+00  0.00000E+00  0.00000E+00  0.00000E+00  0.00000E+00  0.00000E+00  0.00000E+00  0.00000E+00  0.00000E+00
 OMEGA(1,1)   -7.76709E-02  6.09009E-02  6.63658E-02 -1.52759E-01  1.00032E-01  5.77586E-02 -2.49528E-02 -1.30750E-01  7.04728E-02 -9.18394E-02 -2.20087E-02  0.00000E+00  0.00000E+00  0.00000E+00  0.00000E+00  7.44154E-02 -2.00323E-01  9.42062E-02  1.28992E-01 -2.93626E-02  8.37700E-02  3.67783E-01 -2.02198E-02 -1.32275E-02  2.25274E-01 -1.60380E-01  1.82109E-03  9.47728E-02 -7.85701E-02  1.22188E-01 -2.20819E-01  5.41938E-02  9.47609E-02  3.01493E-02 -2.24601E-02  6.46428E-02  7.94956E-02 -2.35547E-02  5.26838E-02  1.29689E-01 -2.54728E-02 -7.61893E-02  1.20492E-01  2.79120E-01 -5.06507E-02 -3.42032E-02  1.74434E-01 -1.21577E-01 -9.61366E-02  1.99252E-01  1.11933E-01  0.00000E+00  0.00000E+00  0.00000E+00  0.00000E+00  0.00000E+00  0.00000E+00  0.00000E+00  0.00000E+00  0.00000E+00  0.00000E+00  0.00000E+00  0.00000E+00  0.00000E+00  0.00000E+00  0.00000E+00  0.00000E+00  0.00000E+00  0.00000E+00  0.00000E+00  0.00000E+00  0.00000E+00  0.00000E+00  0.00000E+00  0.00000E+00  0.00000E+00  0.00000E+00  0.00000E+00  0.00000E+00  0.00000E+00  0.00000E+00
 OMEGA(2,1)   -7.35548E-02 -1.33307E-01  3.55661E-02  2.28208E-03  6.85104E-02 -1.55516E-02  7.44384E-02 -5.36690E-02 -5.88655E-02  9.08173E-03  3.74727E-02  0.00000E+00  0.00000E+00  0.00000E+00  0.00000E+00 -2.00323E-01  6.42425E-02 -3.86045E-01 -1.71273E-01  1.27257E-01 -3.25981E-02 -3.07273E-01  3.27452E-01 -1.02609E-01 -2.77013E-01 -8.29419E-03  7.17570E-02 -1.11605E-01 -1.22643E-01 -8.41003E-02  1.18850E-01 -2.81732E-01  4.74349E-02  9.56508E-02  7.71831E-02 -9.07706E-02  3.45878E-01 -7.07414E-02  2.07424E-02  3.31765E-02  1.12870E-01 -1.62975E-02 -1.30339E-01  5.90939E-04  2.90054E-01 -9.22601E-02 -1.98949E-01  7.88843E-02 -6.75986E-02  6.46041E-02 -3.67346E-02  0.00000E+00  0.00000E+00  0.00000E+00  0.00000E+00  0.00000E+00  0.00000E+00  0.00000E+00  0.00000E+00  0.00000E+00  0.00000E+00  0.00000E+00  0.00000E+00  0.00000E+00  0.00000E+00  0.00000E+00  0.00000E+00  0.00000E+00  0.00000E+00  0.00000E+00  0.00000E+00  0.00000E+00  0.00000E+00  0.00000E+00  0.00000E+00  0.00000E+00  0.00000E+00  0.00000E+00  0.00000E+00  0.00000E+00  0.00000E+00
 OMEGA(2,2)    7.07485E-02 -3.64553E-03 -3.00771E-02  1.02852E-03 -5.94073E-02 -9.77316E-02  4.86175E-04 -4.99158E-03  5.62807E-02 -1.88427E-02  1.24979E-02  0.00000E+00  0.00000E+00  0.00000E+00  0.00000E+00  9.42062E-02 -3.86045E-01  1.09092E-01  4.64997E-02 -1.40985E-01  1.96510E-01  1.63158E-01 -5.92462E-01  1.17080E-01  2.97554E-01  5.92241E-02 -1.18786E-01  6.13874E-02  1.34652E-01  1.00153E-01 -4.22639E-02  3.86853E-02  1.35286E-02  8.91410E-02 -1.80122E-02  1.28758E-01 -1.49798E-01  3.96801E-01 -1.58075E-01 -2.03780E-01 -5.06289E-02  3.54204E-02  1.71123E-01  2.56788E-02 -6.06968E-02  7.54593E-02  4.12782E-02 -6.84381E-02  2.25707E-02 -1.04791E-02  6.15947E-02  0.00000E+00  0.00000E+00  0.00000E+00  0.00000E+00  0.00000E+00  0.00000E+00  0.00000E+00  0.00000E+00  0.00000E+00  0.00000E+00  0.00000E+00  0.00000E+00  0.00000E+00  0.00000E+00  0.00000E+00  0.00000E+00  0.00000E+00  0.00000E+00  0.00000E+00  0.00000E+00  0.00000E+00  0.00000E+00  0.00000E+00  0.00000E+00  0.00000E+00  0.00000E+00  0.00000E+00  0.00000E+00  0.00000E+00  0.00000E+00
 OMEGA(3,1)    1.62009E-01 -7.93988E-03 -5.37180E-02  1.58765E-01  1.76700E-02  1.78537E-02 -2.78470E-02 -3.39057E-02  9.13234E-02 -5.53049E-02 -4.42832E-02  0.00000E+00  0.00000E+00  0.00000E+00  0.00000E+00  1.28992E-01 -1.71273E-01  4.64997E-02  4.74625E-02 -2.09830E-01 -9.97888E-02  9.46544E-02 -2.66893E-02  4.28221E-01  7.28654E-02  1.98547E-01 -9.75238E-02  1.71449E-01  1.67931E-01  1.63622E-01  1.14581E-01  8.64869E-02 -1.29092E-01  1.92211E-02 -1.09134E-01 -6.00370E-02 -1.64677E-01  4.55332E-02  9.93495E-02 -1.88591E-02  8.21046E-03  1.05249E-01  6.76924E-02  7.71858E-02 -8.90373E-04  3.56315E-01  8.98708E-02  9.15441E-02  1.11742E-01  5.25838E-02  1.62240E-02  0.00000E+00  0.00000E+00  0.00000E+00  0.00000E+00  0.00000E+00  0.00000E+00  0.00000E+00  0.00000E+00  0.00000E+00  0.00000E+00  0.00000E+00  0.00000E+00  0.00000E+00  0.00000E+00  0.00000E+00  0.00000E+00  0.00000E+00  0.00000E+00  0.00000E+00  0.00000E+00  0.00000E+00  0.00000E+00  0.00000E+00  0.00000E+00  0.00000E+00  0.00000E+00  0.00000E+00  0.00000E+00  0.00000E+00  0.00000E+00
 OMEGA(3,2)   -8.19045E-02  4.00815E-02 -7.23123E-02 -1.23501E-01 -3.61668E-02 -1.13844E-01 -9.19700E-03 -5.89971E-02 -1.17450E-01  3.94430E-02  3.08367E-02  0.00000E+00  0.00000E+00  0.00000E+00  0.00000E+00 -2.93626E-02  1.27257E-01 -1.40985E-01 -2.09830E-01  6.87294E-02  7.81362E-02 -8.27191E-02  1.60055E-01 -6.32435E-01 -1.81551E-01 -6.37861E-02  3.66809E-01 -1.01375E-02 -2.95269E-01  3.75039E-03  5.43437E-02  2.18650E-02  1.73713E-01  8.39267E-03  5.29704E-02 -1.82545E-01  1.12795E-01 -1.53076E-01  3.51148E-01  1.20441E-01  3.23574E-02 -1.58552E-02 -1.11498E-01  1.62112E-02  1.35274E-01 -2.39080E-02 -2.06337E-01 -4.19366E-02  5.25757E-02 -7.36540E-03 -6.47999E-03  0.00000E+00  0.00000E+00  0.00000E+00  0.00000E+00  0.00000E+00  0.00000E+00  0.00000E+00  0.00000E+00  0.00000E+00  0.00000E+00  0.00000E+00  0.00000E+00  0.00000E+00  0.00000E+00  0.00000E+00  0.00000E+00  0.00000E+00  0.00000E+00  0.00000E+00  0.00000E+00  0.00000E+00  0.00000E+00  0.00000E+00  0.00000E+00  0.00000E+00  0.00000E+00  0.00000E+00  0.00000E+00  0.00000E+00  0.00000E+00
 OMEGA(3,3)    9.52212E-03 -1.63432E-02 -5.26199E-03  5.06785E-02 -6.01702E-02 -1.56586E-02 -3.42805E-05  8.00034E-02  1.43523E-02 -8.39520E-02  5.90406E-02  0.00000E+00  0.00000E+00  0.00000E+00  0.00000E+00  8.37700E-02 -3.25981E-02  1.96510E-01 -9.97888E-02  7.81362E-02  6.85417E-02  4.28790E-02 -2.28611E-01 -1.70509E-01  1.76935E-01  1.07323E-01 -1.07699E-01  1.44995E-01  6.52696E-02  2.47002E-01 -2.60672E-02  1.02212E-01 -1.40872E-01  6.43249E-02 -9.11465E-02  5.62670E-02  2.67192E-02  7.16674E-02  1.29141E-01 -1.28449E-01 -5.54400E-02 -6.60368E-02  7.31362E-02  3.28612E-02  5.39246E-02  2.82434E-01 -5.77892E-02  1.73850E-01 -4.62659E-02  2.12242E-01 -6.97519E-02  0.00000E+00  0.00000E+00  0.00000E+00  0.00000E+00  0.00000E+00  0.00000E+00  0.00000E+00  0.00000E+00  0.00000E+00  0.00000E+00  0.00000E+00  0.00000E+00  0.00000E+00  0.00000E+00  0.00000E+00  0.00000E+00  0.00000E+00  0.00000E+00  0.00000E+00  0.00000E+00  0.00000E+00  0.00000E+00  0.00000E+00  0.00000E+00  0.00000E+00  0.00000E+00  0.00000E+00  0.00000E+00  0.00000E+00  0.00000E+00
 OMEGA(4,1)    5.43236E-02 -3.65083E-02  9.54200E-02 -5.09785E-02  1.28264E-01 -5.89245E-02  2.06750E-02 -6.66045E-02 -5.50520E-02 -2.90383E-02 -9.98748E-02  0.00000E+00  0.00000E+00  0.00000E+00  0.00000E+00  3.67783E-01 -3.07273E-01  1.63158E-01  9.46544E-02 -8.27191E-02  4.28790E-02  7.59411E-02 -2.96775E-01  1.16929E-01  1.48406E-01 -9.90958E-02 -8.37593E-02  3.79897E-02  7.18664E-02  5.12822E-02  3.23741E-02  1.10282E-01  6.41056E-02 -2.17776E-01 -6.11525E-02  7.40947E-02  7.29578E-02  7.31103E-02 -7.22621E-02 -2.28456E-01 -9.28610E-02 -2.79226E-02 -2.61544E-02  2.45824E-01 -1.75119E-01 -1.91122E-03  3.16639E-01 -1.34926E-01 -2.05944E-02  3.31899E-02  1.49088E-01  0.00000E+00  0.00000E+00  0.00000E+00  0.00000E+00  0.00000E+00  0.00000E+00  0.00000E+00  0.00000E+00  0.00000E+00  0.00000E+00  0.00000E+00  0.00000E+00  0.00000E+00  0.00000E+00  0.00000E+00  0.00000E+00  0.00000E+00  0.00000E+00  0.00000E+00  0.00000E+00  0.00000E+00  0.00000E+00  0.00000E+00  0.00000E+00  0.00000E+00  0.00000E+00  0.00000E+00  0.00000E+00  0.00000E+00  0.00000E+00
 OMEGA(4,2)   -4.95493E-02 -3.42374E-02 -4.10378E-03 -1.36779E-02  7.86655E-02  9.99981E-02 -2.67061E-02 -5.96858E-02 -4.18987E-02 -3.97888E-02  2.94885E-02  0.00000E+00  0.00000E+00  0.00000E+00  0.00000E+00 -2.02198E-02  3.27452E-01 -5.92462E-01 -2.66893E-02  1.60055E-01 -2.28611E-01 -2.96775E-01  9.44655E-02 -3.03341E-01 -5.05185E-01 -1.60519E-01  1.60523E-01 -6.92649E-02 -1.88374E-01 -1.06735E-01 -7.52856E-03 -1.92100E-03  4.09662E-02 -1.79903E-02  1.49946E-01 -1.66031E-01  7.65978E-02 -2.75303E-01  1.91327E-01  3.58542E-01  3.57345E-02 -2.72006E-02 -1.05066E-01 -8.98089E-02  9.26708E-02 -1.27913E-01 -1.42557E-01 -7.14644E-02  1.21120E-02 -4.12971E-02 -3.28926E-02  0.00000E+00  0.00000E+00  0.00000E+00  0.00000E+00  0.00000E+00  0.00000E+00  0.00000E+00  0.00000E+00  0.00000E+00  0.00000E+00  0.00000E+00  0.00000E+00  0.00000E+00  0.00000E+00  0.00000E+00  0.00000E+00  0.00000E+00  0.00000E+00  0.00000E+00  0.00000E+00  0.00000E+00  0.00000E+00  0.00000E+00  0.00000E+00  0.00000E+00  0.00000E+00  0.00000E+00  0.00000E+00  0.00000E+00  0.00000E+00
 OMEGA(4,3)    6.86616E-02 -5.38729E-02  5.78903E-02  1.48917E-01  5.20723E-02  2.61255E-03  2.96215E-04  2.79495E-02  1.13270E-01 -4.11157E-02 -4.26425E-02  0.00000E+00  0.00000E+00  0.00000E+00  0.00000E+00 -1.32275E-02 -1.02609E-01  1.17080E-01  4.28221E-01 -6.32435E-01 -1.70509E-01  1.16929E-01 -3.03341E-01  7.35941E-02  2.83999E-01  1.88769E-01 -2.81083E-01 -2.05139E-02  3.91897E-01 -2.23091E-02  9.21992E-02 -7.98137E-03 -7.77804E-02  2.45629E-02 -4.43465E-03  1.02217E-01 -4.46744E-02  1.21703E-01 -2.23505E-01 -1.96400E-01 -8.24259E-02  1.08935E-01  4.69477E-02  1.83826E-02 -1.23688E-01  1.42191E-01  2.55341E-01  1.84688E-01  2.89184E-02 -7.22868E-03 -9.84608E-03  0.00000E+00  0.00000E+00  0.00000E+00  0.00000E+00  0.00000E+00  0.00000E+00  0.00000E+00  0.00000E+00  0.00000E+00  0.00000E+00  0.00000E+00  0.00000E+00  0.00000E+00  0.00000E+00  0.00000E+00  0.00000E+00  0.00000E+00  0.00000E+00  0.00000E+00  0.00000E+00  0.00000E+00  0.00000E+00  0.00000E+00  0.00000E+00  0.00000E+00  0.00000E+00  0.00000E+00  0.00000E+00  0.00000E+00  0.00000E+00
 OMEGA(4,4)    4.23270E-02  1.15821E-01  1.02168E-01 -2.12028E-01  8.04709E-02 -1.03811E-01 -1.08899E-02  1.01975E-02  9.44980E-02 -6.54202E-02 -6.07988E-02  0.00000E+00  0.00000E+00  0.00000E+00  0.00000E+00  2.25274E-01 -2.77013E-01  2.97554E-01  7.28654E-02 -1.81551E-01  1.76935E-01  1.48406E-01 -5.05185E-01  2.83999E-01  1.62026E-01  1.80741E-02 -6.43438E-02  2.94234E-02  9.30692E-02  6.12489E-02  2.42927E-02  2.04031E-02 -1.53033E-02  1.51059E-01 -1.17535E-01  1.20124E-01 -2.37039E-01  1.70424E-01 -1.69006E-01  5.01171E-02 -9.41091E-02  8.73375E-02  2.45861E-01  4.38565E-02 -8.46909E-02  1.04527E-01  2.60531E-01  5.49165E-02  5.36131E-02  7.03675E-02 -7.47714E-03  0.00000E+00  0.00000E+00  0.00000E+00  0.00000E+00  0.00000E+00  0.00000E+00  0.00000E+00  0.00000E+00  0.00000E+00  0.00000E+00  0.00000E+00  0.00000E+00  0.00000E+00  0.00000E+00  0.00000E+00  0.00000E+00  0.00000E+00  0.00000E+00  0.00000E+00  0.00000E+00  0.00000E+00  0.00000E+00  0.00000E+00  0.00000E+00  0.00000E+00  0.00000E+00  0.00000E+00  0.00000E+00  0.00000E+00  0.00000E+00
 OMEGA(5,1)   -9.65821E-02 -6.71707E-02 -7.18020E-02  1.33745E-01 -1.69341E-01  2.45662E-02 -8.13973E-02 -4.74923E-02  8.14579E-02  1.12569E-01  1.10305E-02  0.00000E+00  0.00000E+00  0.00000E+00  0.00000E+00 -1.60380E-01 -8.29419E-03  5.92241E-02  1.98547E-01 -6.37861E-02  1.07323E-01 -9.90958E-02 -1.60519E-01  1.88769E-01  1.80741E-02  4.81821E-02 -3.30722E-01  1.39833E-01  4.41527E-01  3.31721E-02 -1.08980E-01  9.65655E-02 -1.41059E-01 -7.04729E-02 -2.54804E-01  2.92568E-02 -1.33841E-02  1.63501E-01  5.88850E-04 -1.42876E-01  9.45637E-02  1.18799E-01  5.88418E-02 -2.35142E-01  1.72840E-01  1.78026E-01 -1.60729E-01  4.84533E-01  1.13179E-01  7.73818E-02 -6.78640E-02  0.00000E+00  0.00000E+00  0.00000E+00  0.00000E+00  0.00000E+00  0.00000E+00  0.00000E+00  0.00000E+00  0.00000E+00  0.00000E+00  0.00000E+00  0.00000E+00  0.00000E+00  0.00000E+00  0.00000E+00  0.00000E+00  0.00000E+00  0.00000E+00  0.00000E+00  0.00000E+00  0.00000E+00  0.00000E+00  0.00000E+00  0.00000E+00  0.00000E+00  0.00000E+00  0.00000E+00  0.00000E+00  0.00000E+00  0.00000E+00
 OMEGA(5,2)    1.63677E-02  4.15911E-02 -2.37852E-02 -9.38956E-02  4.58465E-02 -6.58930E-02  4.20079E-02 -8.99185E-03 -5.35392E-02  5.75048E-02 -2.53148E-02  0.00000E+00  0.00000E+00  0.00000E+00  0.00000E+00  1.82109E-03  7.17570E-02 -1.18786E-01 -9.75238E-02  3.66809E-01 -1.07699E-01 -8.37593E-02  1.60523E-01 -2.81083E-01 -6.43438E-02 -3.30722E-01  6.31545E-02 -8.24594E-02 -5.80714E-01  2.89201E-02  1.26474E-01 -1.96233E-01  8.35330E-02  2.02903E-01  2.18885E-01 -1.31005E-01  1.04992E-01 -8.41496E-02  1.70284E-02  8.68019E-02  3.01003E-01 -1.50726E-01 -1.10814E-01  1.47995E-01 -1.47542E-01 -1.34539E-01 -5.69910E-02 -1.69627E-01  1.91520E-02 -6.24675E-02 -1.28646E-02  0.00000E+00  0.00000E+00  0.00000E+00  0.00000E+00  0.00000E+00  0.00000E+00  0.00000E+00  0.00000E+00  0.00000E+00  0.00000E+00  0.00000E+00  0.00000E+00  0.00000E+00  0.00000E+00  0.00000E+00  0.00000E+00  0.00000E+00  0.00000E+00  0.00000E+00  0.00000E+00  0.00000E+00  0.00000E+00  0.00000E+00  0.00000E+00  0.00000E+00  0.00000E+00  0.00000E+00  0.00000E+00  0.00000E+00  0.00000E+00
 OMEGA(5,3)   -1.11794E-02  2.67666E-03 -8.76270E-02  5.55352E-02 -6.68571E-02 -2.65010E-02  1.30651E-02  6.10050E-02  5.01430E-02  5.00424E-03 -8.33996E-04  0.00000E+00  0.00000E+00  0.00000E+00  0.00000E+00  9.47728E-02 -1.11605E-01  6.13874E-02  1.71449E-01 -1.01375E-02  1.44995E-01  3.79897E-02 -6.92649E-02 -2.05139E-02  2.94234E-02  1.39833E-01 -8.24594E-02  5.45323E-02  1.21467E-01  3.34511E-01 -8.63044E-02  1.80995E-01 -1.78479E-01 -8.20126E-02 -1.39934E-01 -1.03909E-02 -3.82918E-02 -8.09460E-02  9.39358E-02 -3.71017E-02  4.66503E-02  5.62641E-02  1.02503E-02 -3.82041E-02 -7.60734E-02  9.87829E-02  2.32332E-02  3.09598E-01  9.17296E-03  1.87423E-02 -4.35288E-02  0.00000E+00  0.00000E+00  0.00000E+00  0.00000E+00  0.00000E+00  0.00000E+00  0.00000E+00  0.00000E+00  0.00000E+00  0.00000E+00  0.00000E+00  0.00000E+00  0.00000E+00  0.00000E+00  0.00000E+00  0.00000E+00  0.00000E+00  0.00000E+00  0.00000E+00  0.00000E+00  0.00000E+00  0.00000E+00  0.00000E+00  0.00000E+00  0.00000E+00  0.00000E+00  0.00000E+00  0.00000E+00  0.00000E+00  0.00000E+00
 OMEGA(5,4)   -8.67973E-02 -6.47419E-02  1.64870E-02  2.11755E-01 -8.07162E-02  6.12954E-02 -6.02509E-02  2.28493E-02  5.47628E-02  2.81532E-02  4.03218E-02  0.00000E+00  0.00000E+00  0.00000E+00  0.00000E+00 -7.85701E-02 -1.22643E-01  1.34652E-01  1.67931E-01 -2.95269E-01  6.52696E-02  7.18664E-02 -1.88374E-01  3.91897E-01  9.30692E-02  4.41527E-01 -5.80714E-01  1.21467E-01  6.93166E-02 -1.21558E-01 -1.03171E-01  2.39975E-01 -6.30689E-02 -1.77178E-01 -9.89876E-02  1.31699E-01 -8.67198E-02  1.27605E-01 -9.83919E-02 -1.44330E-01 -2.45636E-01  1.92983E-01  8.38856E-02 -1.14635E-01  4.67967E-02  2.10786E-01 -1.73069E-03  2.79131E-01 -2.60695E-02  5.01907E-03 -5.90778E-02  0.00000E+00  0.00000E+00  0.00000E+00  0.00000E+00  0.00000E+00  0.00000E+00  0.00000E+00  0.00000E+00  0.00000E+00  0.00000E+00  0.00000E+00  0.00000E+00  0.00000E+00  0.00000E+00  0.00000E+00  0.00000E+00  0.00000E+00  0.00000E+00  0.00000E+00  0.00000E+00  0.00000E+00  0.00000E+00  0.00000E+00  0.00000E+00  0.00000E+00  0.00000E+00  0.00000E+00  0.00000E+00  0.00000E+00  0.00000E+00
 OMEGA(5,5)    7.80371E-02 -7.05925E-02 -2.98590E-02  5.66213E-02 -2.57042E-03 -1.85714E-02 -8.81327E-03  6.99448E-02  1.04603E-01 -3.67085E-02 -2.01320E-02  0.00000E+00  0.00000E+00  0.00000E+00  0.00000E+00  1.22188E-01 -8.41003E-02  1.00153E-01  1.63622E-01  3.75039E-03  2.47002E-01  5.12822E-02 -1.06735E-01 -2.23091E-02  6.12489E-02  3.31721E-02  2.89201E-02  3.34511E-01 -1.21558E-01  7.00972E-02 -1.09941E-01  1.73728E-01 -1.01774E-01 -1.15163E-01 -2.43475E-01  1.82184E-01  2.18081E-02 -5.31205E-02  1.24735E-01 -9.85063E-02  2.23548E-01  3.75659E-02  1.15920E-01  1.08583E-01 -9.41778E-02  1.69991E-01  4.17838E-02  1.97157E-02 -2.98268E-03  8.94657E-02 -1.70921E-02  0.00000E+00  0.00000E+00  0.00000E+00  0.00000E+00  0.00000E+00  0.00000E+00  0.00000E+00  0.00000E+00  0.00000E+00  0.00000E+00  0.00000E+00  0.00000E+00  0.00000E+00  0.00000E+00  0.00000E+00  0.00000E+00  0.00000E+00  0.00000E+00  0.00000E+00  0.00000E+00  0.00000E+00  0.00000E+00  0.00000E+00  0.00000E+00  0.00000E+00  0.00000E+00  0.00000E+00  0.00000E+00  0.00000E+00  0.00000E+00
 OMEGA(6,1)    2.04389E-01 -5.54069E-02 -3.41489E-02  5.42287E-02  1.28194E-01 -2.11328E-01  4.81494E-03  1.85012E-02 -3.23956E-02  1.77179E-02 -7.43640E-02  0.00000E+00  0.00000E+00  0.00000E+00  0.00000E+00 -2.20819E-01  1.18850E-01 -4.22639E-02  1.14581E-01  5.43437E-02 -2.60672E-02  3.23741E-02 -7.52856E-03  9.21992E-02  2.42927E-02 -1.08980E-01  1.26474E-01 -8.63044E-02 -1.03171E-01 -1.09941E-01  4.55602E-02 -2.95698E-01 -1.55291E-02  2.88235E-01  1.19631E-02 -2.90454E-01 -1.73118E-01  8.11356E-02 -5.12307E-03 -1.77179E-02  6.23104E-02 -8.71917E-02 -8.75784E-03 -6.29330E-02 -9.20588E-02  8.65772E-02  3.12691E-02  5.05382E-02  3.02696E-01 -5.78237E-02  1.05157E-03  0.00000E+00  0.00000E+00  0.00000E+00  0.00000E+00  0.00000E+00  0.00000E+00  0.00000E+00  0.00000E+00  0.00000E+00  0.00000E+00  0.00000E+00  0.00000E+00  0.00000E+00  0.00000E+00  0.00000E+00  0.00000E+00  0.00000E+00  0.00000E+00  0.00000E+00  0.00000E+00  0.00000E+00  0.00000E+00  0.00000E+00  0.00000E+00  0.00000E+00  0.00000E+00  0.00000E+00  0.00000E+00  0.00000E+00  0.00000E+00
 OMEGA(6,2)   -5.79432E-02  6.06064E-02 -4.67270E-02 -5.47216E-02 -9.70284E-02 -1.73500E-02  3.93874E-02 -2.36159E-02  1.04859E-02 -3.56285E-02  3.76120E-02  0.00000E+00  0.00000E+00  0.00000E+00  0.00000E+00  5.41938E-02 -2.81732E-01  3.86853E-02  8.64869E-02  2.18650E-02  1.02212E-01  1.10282E-01 -1.92100E-03 -7.98137E-03  2.04031E-02  9.65655E-02 -1.96233E-01  1.80995E-01  2.39975E-01  1.73728E-01 -2.95698E-01  5.49654E-02 -2.38108E-01 -4.74143E-01 -1.49518E-01  1.02925E-01 -2.60477E-02 -2.64332E-01  1.29457E-01  5.78012E-02 -1.00464E-01  2.98238E-01 -1.82153E-02 -4.28683E-02 -9.27379E-02  1.23387E-01  1.59158E-01  5.28112E-02  4.97909E-02  3.13430E-03 -1.24426E-02  0.00000E+00  0.00000E+00  0.00000E+00  0.00000E+00  0.00000E+00  0.00000E+00  0.00000E+00  0.00000E+00  0.00000E+00  0.00000E+00  0.00000E+00  0.00000E+00  0.00000E+00  0.00000E+00  0.00000E+00  0.00000E+00  0.00000E+00  0.00000E+00  0.00000E+00  0.00000E+00  0.00000E+00  0.00000E+00  0.00000E+00  0.00000E+00  0.00000E+00  0.00000E+00  0.00000E+00  0.00000E+00  0.00000E+00  0.00000E+00
 OMEGA(6,3)    5.19597E-02  4.78712E-04  1.67174E-01 -4.45683E-02  9.52616E-03  1.51938E-02  1.47808E-02 -4.73988E-03 -7.60774E-03  4.57681E-02 -5.55643E-02  0.00000E+00  0.00000E+00  0.00000E+00  0.00000E+00  9.47609E-02  4.74349E-02  1.35286E-02 -1.29092E-01  1.73713E-01 -1.40872E-01  6.41056E-02  4.09662E-02 -7.77804E-02 -1.53033E-02 -1.41059E-01  8.35330E-02 -1.78479E-01 -6.30689E-02 -1.01774E-01 -1.55291E-02 -2.38108E-01  3.70012E-02  5.59910E-02  1.44905E-01  1.43110E-02  7.84388E-02  1.04928E-01 -1.82370E-01  3.47147E-02  5.27304E-02 -1.12863E-01  2.62180E-02  8.15455E-03  8.69523E-02 -1.34427E-01 -5.70257E-02 -1.75597E-01  1.47754E-02 -8.65112E-03  4.07665E-02  0.00000E+00  0.00000E+00  0.00000E+00  0.00000E+00  0.00000E+00  0.00000E+00  0.00000E+00  0.00000E+00  0.00000E+00  0.00000E+00  0.00000E+00  0.00000E+00  0.00000E+00  0.00000E+00  0.00000E+00  0.00000E+00  0.00000E+00  0.00000E+00  0.00000E+00  0.00000E+00  0.00000E+00  0.00000E+00  0.00000E+00  0.00000E+00  0.00000E+00  0.00000E+00  0.00000E+00  0.00000E+00  0.00000E+00  0.00000E+00
 OMEGA(6,4)   -3.27096E-02  2.07873E-02  2.87789E-03 -1.22652E-02  2.53869E-02 -4.50802E-02 -1.27403E-01 -3.31894E-02 -6.49230E-03  3.91813E-02 -1.22190E-01  0.00000E+00  0.00000E+00  0.00000E+00  0.00000E+00  3.01493E-02  9.56508E-02  8.91410E-02  1.92211E-02  8.39267E-03  6.43249E-02 -2.17776E-01 -1.79903E-02  2.45629E-02  1.51059E-01 -7.04729E-02  2.02903E-01 -8.20126E-02 -1.77178E-01 -1.15163E-01  2.88235E-01 -4.74143E-01  5.59910E-02  6.03753E-02  1.53832E-01  1.45772E-02  4.92101E-02  7.84480E-02  4.69669E-02 -9.19771E-03  1.57261E-01 -3.07014E-01 -1.81243E-02 -6.03282E-03  6.29263E-02  3.04308E-02 -1.04541E-01  3.50945E-02  3.51369E-02  5.67632E-02 -7.36084E-02  0.00000E+00  0.00000E+00  0.00000E+00  0.00000E+00  0.00000E+00  0.00000E+00  0.00000E+00  0.00000E+00  0.00000E+00  0.00000E+00  0.00000E+00  0.00000E+00  0.00000E+00  0.00000E+00  0.00000E+00  0.00000E+00  0.00000E+00  0.00000E+00  0.00000E+00  0.00000E+00  0.00000E+00  0.00000E+00  0.00000E+00  0.00000E+00  0.00000E+00  0.00000E+00  0.00000E+00  0.00000E+00  0.00000E+00  0.00000E+00
 OMEGA(6,5)   -7.88063E-02  1.06171E-02 -9.52074E-03 -9.87260E-02  1.65583E-01 -3.93698E-02  9.73383E-02 -1.31548E-02 -3.02620E-02 -1.79235E-01  1.30376E-02  0.00000E+00  0.00000E+00  0.00000E+00  0.00000E+00 -2.24601E-02  7.71831E-02 -1.80122E-02 -1.09134E-01  5.29704E-02 -9.11465E-02 -6.11525E-02  1.49946E-01 -4.43465E-03 -1.17535E-01 -2.54804E-01  2.18885E-01 -1.39934E-01 -9.89876E-02 -2.43475E-01  1.19631E-02 -1.49518E-01  1.44905E-01  1.53832E-01  4.44669E-02 -1.65589E-01  1.64919E-01 -4.75065E-02  4.81190E-02  1.03002E-01 -2.77166E-02  5.31975E-02 -1.19700E-01  1.41455E-01  5.29355E-02 -1.91828E-01  2.52983E-02 -1.63855E-01 -2.76877E-01  6.16485E-03  6.34389E-02  0.00000E+00  0.00000E+00  0.00000E+00  0.00000E+00  0.00000E+00  0.00000E+00  0.00000E+00  0.00000E+00  0.00000E+00  0.00000E+00  0.00000E+00  0.00000E+00  0.00000E+00  0.00000E+00  0.00000E+00  0.00000E+00  0.00000E+00  0.00000E+00  0.00000E+00  0.00000E+00  0.00000E+00  0.00000E+00  0.00000E+00  0.00000E+00  0.00000E+00  0.00000E+00  0.00000E+00  0.00000E+00  0.00000E+00  0.00000E+00
 OMEGA(6,6)    5.02014E-02  2.77628E-02  1.86649E-03  5.00811E-02 -5.00909E-02  6.26525E-02  4.45185E-02  8.75780E-02 -3.94746E-02  1.71806E-02 -2.81377E-02  0.00000E+00  0.00000E+00  0.00000E+00  0.00000E+00  6.46428E-02 -9.07706E-02  1.28758E-01 -6.00370E-02 -1.82545E-01  5.62670E-02  7.40947E-02 -1.66031E-01  1.02217E-01  1.20124E-01  2.92568E-02 -1.31005E-01 -1.03909E-02  1.31699E-01  1.82184E-01 -2.90454E-01  1.02925E-01  1.43110E-02  1.45772E-02 -1.65589E-01  5.96593E-02 -4.94383E-02  8.53496E-02 -1.46519E-01 -1.77736E-01 -1.89281E-02 -1.44994E-01  8.30856E-02  1.47690E-02 -4.37518E-02 -1.80916E-02 -4.43473E-03 -8.52016E-02 -2.12982E-01 -8.07315E-02  1.28115E-03  0.00000E+00  0.00000E+00  0.00000E+00  0.00000E+00  0.00000E+00  0.00000E+00  0.00000E+00  0.00000E+00  0.00000E+00  0.00000E+00  0.00000E+00  0.00000E+00  0.00000E+00  0.00000E+00  0.00000E+00  0.00000E+00  0.00000E+00  0.00000E+00  0.00000E+00  0.00000E+00  0.00000E+00  0.00000E+00  0.00000E+00  0.00000E+00  0.00000E+00  0.00000E+00  0.00000E+00  0.00000E+00  0.00000E+00  0.00000E+00
