TABLE NO.     1: NUTS Bayesian Analysis: Problem=1 Subproblem=0 Superproblem1=0 Iteration1=0 Superproblem2=0 Iteration2=0
 NAME         THETA1       THETA2       THETA3       THETA4       THETA5       THETA6       THETA7       THETA8       THETA9       THETA10      THETA11      THETA12      SIGMA(1,1)   SIGMA(2,1)   SIGMA(2,2)   OMEGA(1,1)   OMEGA(2,1)   OMEGA(2,2)   OMEGA(3,1)   OMEGA(3,2)   OMEGA(3,3)   OMEGA(4,1)   OMEGA(4,2)   OMEGA(4,3)   OMEGA(4,4)   OMEGA(5,1)   OMEGA(5,2)   OMEGA(5,3)   OMEGA(5,4)   OMEGA(5,5)   OMEGA(6,1)   OMEGA(6,2)   OMEGA(6,3)   OMEGA(6,4)   OMEGA(6,5)   OMEGA(6,6)   OMEGA(7,1)   OMEGA(7,2)   OMEGA(7,3)   OMEGA(7,4)   OMEGA(7,5)   OMEGA(7,6)   OMEGA(7,7)   OMEGA(8,1)   OMEGA(8,2)   OMEGA(8,3)   OMEGA(8,4)   OMEGA(8,5)   OMEGA(8,6)   OMEGA(8,7)   OMEGA(8,8)   OMEGA(9,1)   OMEGA(9,2)   OMEGA(9,3)   OMEGA(9,4)   OMEGA(9,5)   OMEGA(9,6)   OMEGA(9,7)   OMEGA(9,8)   OMEGA(9,9)   OMEGA(10,1)  OMEGA(10,2)  OMEGA(10,3)  OMEGA(10,4)  OMEGA(10,5)  OMEGA(10,6)  OMEGA(10,7)  OMEGA(10,8)  OMEGA(10,9)  OMEGA(10,10) OMEGA(11,1)  OMEGA(11,2)  OMEGA(11,3)  OMEGA(11,4)  OMEGA(11,5)  OMEGA(11,6)  OMEGA(11,7)  OMEGA(11,8)  OMEGA(11,9)  OMEGA(11,10) OMEGA(11,11)
 THETA1        1.76147E-02 -1.54688E-03 -2.95645E-04  3.89299E-03 -4.41499E-04 -3.57708E-03  3.48905E-03  2.91808E-03 -1.22103E-03 -1.15264E-04  4.39367E-04  0.00000E+00  0.00000E+00  0.00000E+00  0.00000E+00 -7.67112E-04 -6.27150E-04  1.02435E-03  1.02053E-03 -7.47116E-04  8.66216E-05  5.47524E-04 -6.21224E-04  6.70648E-04  9.10208E-04 -6.17618E-04  1.37192E-04 -8.09114E-05 -7.98512E-04  7.26005E-04  1.23589E-03 -4.22698E-04  2.55165E-04 -2.62103E-04 -4.65088E-04  3.97495E-04 -1.57549E-03  1.50458E-03 -3.43908E-04 -1.11741E-03  3.32844E-05 -2.76744E-04  1.73752E-03 -4.48770E-04  1.86731E-04  5.08600E-04 -5.45590E-05 -5.25874E-04  7.97681E-04 -4.45159E-05 -2.64355E-04  0.00000E+00  0.00000E+00  0.00000E+00  0.00000E+00  0.00000E+00  0.00000E+00  0.00000E+00  0.00000E+00  0.00000E+00  0.00000E+00  0.00000E+00  0.00000E+00  0.00000E+00  0.00000E+00  0.00000E+00  0.00000E+00  0.00000E+00  0.00000E+00  0.00000E+00  0.00000E+00  0.00000E+00  0.00000E+00  0.00000E+00  0.00000E+00  0.00000E+00  0.00000E+00  0.00000E+00  0.00000E+00  0.00000E+00  0.00000E+00
 THETA2       -1.54688E-03  2.22018E-02 -3.53643E-03 -7.36563E-03 -7.31119E-04  1.67501E-03  2.29138E-03 -7.90401E-04  4.95756E-04 -2.46905E-04 -9.80671E-04  0.00000E+00  0.00000E+00  0.00000E+00  0.00000E+00  6.75274E-04 -1.27606E-03 -5.92579E-05 -5.61512E-05  4.10469E-04 -1.66911E-04 -4.13106E-04 -4.81912E-04 -5.90754E-04  2.79620E-03 -4.82236E-04  3.91380E-04  2.17490E-05 -6.68677E-04 -7.37315E-04 -3.76135E-04  4.96365E-04  2.63927E-06  1.87004E-04  7.03454E-05  2.46795E-04  8.32907E-04 -2.31444E-03  8.66909E-04  2.09635E-03 -6.08065E-04 -6.58830E-05 -2.10062E-03  5.57251E-05 -1.41343E-03  1.01353E-04  7.34084E-04 -4.97470E-04  1.57439E-04  6.70552E-04  4.50205E-05  0.00000E+00  0.00000E+00  0.00000E+00  0.00000E+00  0.00000E+00  0.00000E+00  0.00000E+00  0.00000E+00  0.00000E+00  0.00000E+00  0.00000E+00  0.00000E+00  0.00000E+00  0.00000E+00  0.00000E+00  0.00000E+00  0.00000E+00  0.00000E+00  0.00000E+00  0.00000E+00  0.00000E+00  0.00000E+00  0.00000E+00  0.00000E+00  0.00000E+00  0.00000E+00  0.00000E+00  0.00000E+00  0.00000E+00  0.00000E+00
 THETA3       -2.95645E-04 -3.53643E-03  3.69999E-02 -3.25482E-03  2.24037E-02  1.12196E-03  6.19344E-04  1.26329E-03  3.44227E-04  3.25521E-05 -1.63576E-03  0.00000E+00  0.00000E+00  0.00000E+00  0.00000E+00  9.49964E-04  4.39501E-04 -6.31144E-04 -4.90423E-04 -9.55993E-04 -6.93754E-05  1.39385E-03 -7.45689E-05  8.19501E-04  3.18421E-03 -6.65461E-04 -2.88943E-04 -9.19162E-04  2.19826E-04 -4.02603E-04 -2.99270E-04 -4.94035E-04  1.18983E-03  3.34221E-05 -8.14344E-05  2.14192E-05  5.20726E-04  1.63125E-06 -1.83832E-03 -1.15882E-03  2.99368E-04 -1.39817E-04 -7.09127E-05  7.81846E-04 -2.21826E-05 -8.10739E-04  1.49302E-03 -1.22842E-03  2.54153E-05  1.70957E-05 -1.28701E-04  0.00000E+00  0.00000E+00  0.00000E+00  0.00000E+00  0.00000E+00  0.00000E+00  0.00000E+00  0.00000E+00  0.00000E+00  0.00000E+00  0.00000E+00  0.00000E+00  0.00000E+00  0.00000E+00  0.00000E+00  0.00000E+00  0.00000E+00  0.00000E+00  0.00000E+00  0.00000E+00  0.00000E+00  0.00000E+00  0.00000E+00  0.00000E+00  0.00000E+00  0.00000E+00  0.00000E+00  0.00000E+00  0.00000E+00  0.00000E+00
 THETA4        3.89299E-03 -7.36563E-03 -3.25482E-03  3.12172E-02 -4.75905E-03 -4.84958E-04 -6.50315E-05  3.09372E-03 -5.68304E-04  1.01874E-03  9.08359E-04  0.00000E+00  0.00000E+00  0.00000E+00  0.00000E+00 -2.00848E-03  2.59031E-05  1.98244E-05  1.33138E-03 -1.49972E-03  6.13727E-04 -6.84007E-04 -2.28291E-04  1.93635E-03 -6.06981E-03  1.13857E-03 -1.04772E-03  5.35080E-04  2.59338E-03  7.01258E-04  4.36527E-04 -5.31429E-04 -2.91366E-04 -1.30838E-04 -7.75648E-04  5.27896E-04 -4.67277E-05  4.14097E-04 -3.76061E-04 -4.86377E-03 -9.81572E-04 -7.12786E-04  7.70710E-04 -5.76738E-04  3.85994E-04  4.70065E-04 -5.93452E-04  1.58672E-03  1.39586E-04  2.81984E-04 -9.39930E-04  0.00000E+00  0.00000E+00  0.00000E+00  0.00000E+00  0.00000E+00  0.00000E+00  0.00000E+00  0.00000E+00  0.00000E+00  0.00000E+00  0.00000E+00  0.00000E+00  0.00000E+00  0.00000E+00  0.00000E+00  0.00000E+00  0.00000E+00  0.00000E+00  0.00000E+00  0.00000E+00  0.00000E+00  0.00000E+00  0.00000E+00  0.00000E+00  0.00000E+00  0.00000E+00  0.00000E+00  0.00000E+00  0.00000E+00  0.00000E+00
 THETA5       -4.41499E-04 -7.31119E-04  2.24037E-02 -4.75905E-03  3.75274E-02  1.39089E-03  2.54981E-03 -2.62301E-03  8.37262E-04 -1.42690E-03 -8.28142E-04  0.00000E+00  0.00000E+00  0.00000E+00  0.00000E+00  1.44204E-03  8.52615E-04 -1.25547E-03  1.62465E-04 -4.81534E-04 -7.98933E-04  1.88693E-03  1.43957E-03  7.42377E-04  2.52580E-03 -1.58060E-03  5.60899E-04 -7.06278E-04 -1.08386E-03 -3.49043E-05  1.13143E-03 -1.03315E-03  6.82823E-05  2.96922E-04  1.42635E-03 -5.78910E-04  8.16958E-04  2.12885E-04 -7.82764E-04 -2.63821E-04 -5.81384E-04 -2.08865E-04 -6.62973E-04  8.22944E-04 -3.15500E-04 -1.27745E-03  1.22851E-03 -1.57700E-03 -3.14345E-04  1.17619E-03 -1.18449E-04  0.00000E+00  0.00000E+00  0.00000E+00  0.00000E+00  0.00000E+00  0.00000E+00  0.00000E+00  0.00000E+00  0.00000E+00  0.00000E+00  0.00000E+00  0.00000E+00  0.00000E+00  0.00000E+00  0.00000E+00  0.00000E+00  0.00000E+00  0.00000E+00  0.00000E+00  0.00000E+00  0.00000E+00  0.00000E+00  0.00000E+00  0.00000E+00  0.00000E+00  0.00000E+00  0.00000E+00  0.00000E+00  0.00000E+00  0.00000E+00
 THETA6       -3.57708E-03  1.67501E-03  1.12196E-03 -4.84958E-04  1.39089E-03  1.14819E-02 -8.65130E-04  3.45528E-04  2.69280E-03  8.45696E-05  4.70930E-04  0.00000E+00  0.00000E+00  0.00000E+00  0.00000E+00  4.60561E-04 -1.07055E-04 -1.14244E-03  9.08003E-05 -8.38415E-04 -1.15004E-04 -4.79491E-04  1.01222E-03  2.06023E-05 -1.80234E-03  1.26832E-04 -4.45914E-04 -1.54855E-04  4.55274E-04 -1.39493E-04 -1.03169E-03 -1.02187E-04  6.02409E-05 -2.91644E-04 -1.87589E-04  4.00520E-04 -1.44917E-04 -5.42858E-04 -3.40435E-05  1.21517E-04  3.88246E-04 -5.64895E-04 -3.25157E-04 -2.48938E-04 -8.83862E-06  1.95597E-04  9.53973E-05 -2.05278E-04 -5.39884E-05 -1.09740E-04  2.80574E-04  0.00000E+00  0.00000E+00  0.00000E+00  0.00000E+00  0.00000E+00  0.00000E+00  0.00000E+00  0.00000E+00  0.00000E+00  0.00000E+00  0.00000E+00  0.00000E+00  0.00000E+00  0.00000E+00  0.00000E+00  0.00000E+00  0.00000E+00  0.00000E+00  0.00000E+00  0.00000E+00  0.00000E+00  0.00000E+00  0.00000E+00  0.00000E+00  0.00000E+00  0.00000E+00  0.00000E+00  0.00000E+00  0.00000E+00  0.00000E+00
 THETA7        3.48905E-03  2.29138E-03  6.19344E-04 -6.50315E-05  2.54981E-03 -8.65130E-04  1.39433E-02  2.41180E-03 -2.76192E-04 -5.32095E-04 -6.75044E-04  0.00000E+00  0.00000E+00  0.00000E+00  0.00000E+00 -2.19263E-04  5.64680E-04  6.26278E-06 -1.56068E-04 -7.46400E-05 -2.77450E-07  1.85398E-04 -2.97897E-04  2.57415E-06 -2.08350E-04 -4.63104E-04  3.13270E-04  8.41298E-05 -4.93155E-04 -7.29493E-05  2.59035E-05  2.55641E-04  6.45799E-05 -9.08282E-04  5.11097E-04  3.13618E-04  1.31402E-04 -5.90865E-04  6.65835E-04 -1.29184E-04  4.77954E-04 -1.35772E-04 -8.42274E-04 -2.26261E-04 -1.15715E-04  3.18458E-04  2.36140E-04 -3.49074E-04 -2.22818E-04 -3.26235E-04  5.94523E-04  0.00000E+00  0.00000E+00  0.00000E+00  0.00000E+00  0.00000E+00  0.00000E+00  0.00000E+00  0.00000E+00  0.00000E+00  0.00000E+00  0.00000E+00  0.00000E+00  0.00000E+00  0.00000E+00  0.00000E+00  0.00000E+00  0.00000E+00  0.00000E+00  0.00000E+00  0.00000E+00  0.00000E+00  0.00000E+00  0.00000E+00  0.00000E+00  0.00000E+00  0.00000E+00  0.00000E+00  0.00000E+00  0.00000E+00  0.00000E+00
 THETA8        2.91808E-03 -7.90401E-04  1.26329E-03  3.09372E-03 -2.62301E-03  3.45528E-04  2.41180E-03  2.09156E-02  2.01046E-03  6.45411E-04  8.31586E-04  0.00000E+00  0.00000E+00  0.00000E+00  0.00000E+00 -1.40715E-03 -4.98633E-04 -7.87526E-05 -2.32734E-04 -5.86419E-04  7.93046E-04 -7.31502E-04 -8.15416E-04  2.97477E-04  2.38953E-04 -3.30936E-04 -8.21275E-05  4.81121E-04  2.29058E-04  7.09074E-04  1.21905E-04 -1.87728E-04 -2.53640E-05 -2.89797E-04 -8.45975E-05  7.55629E-04 -8.27179E-05 -7.06023E-05  2.79727E-04  8.98954E-04  9.58127E-05 -1.07136E-04  1.13009E-03 -2.89502E-04 -1.31814E-03  5.29573E-04  5.80231E-04  2.68971E-04  4.02317E-04 -1.73859E-03 -7.45310E-05  0.00000E+00  0.00000E+00  0.00000E+00  0.00000E+00  0.00000E+00  0.00000E+00  0.00000E+00  0.00000E+00  0.00000E+00  0.00000E+00  0.00000E+00  0.00000E+00  0.00000E+00  0.00000E+00  0.00000E+00  0.00000E+00  0.00000E+00  0.00000E+00  0.00000E+00  0.00000E+00  0.00000E+00  0.00000E+00  0.00000E+00  0.00000E+00  0.00000E+00  0.00000E+00  0.00000E+00  0.00000E+00  0.00000E+00  0.00000E+00
 THETA9       -1.22103E-03  4.95756E-04  3.44227E-04 -5.68304E-04  8.37262E-04  2.69280E-03 -2.76192E-04  2.01046E-03  7.35998E-03  2.42003E-04  6.81673E-05  0.00000E+00  0.00000E+00  0.00000E+00  0.00000E+00  4.49907E-04 -3.24431E-04  5.26732E-04  3.71853E-04 -6.92523E-04  8.43947E-05 -3.58664E-04 -3.39557E-04  7.15149E-04  1.31355E-03  3.36711E-04 -2.90078E-04  2.34586E-04  3.25657E-04  6.29050E-04 -1.26622E-04  4.94461E-05 -2.41496E-05 -3.36276E-05 -1.15444E-04 -2.02038E-04 -2.18747E-04  2.91089E-04 -1.70576E-04  1.01624E-04  1.66527E-04 -6.50183E-05  7.27120E-04  1.88520E-04 -2.59815E-04  3.72185E-04  5.12400E-04  4.37397E-04 -6.18766E-05  3.11992E-04  1.13354E-04  0.00000E+00  0.00000E+00  0.00000E+00  0.00000E+00  0.00000E+00  0.00000E+00  0.00000E+00  0.00000E+00  0.00000E+00  0.00000E+00  0.00000E+00  0.00000E+00  0.00000E+00  0.00000E+00  0.00000E+00  0.00000E+00  0.00000E+00  0.00000E+00  0.00000E+00  0.00000E+00  0.00000E+00  0.00000E+00  0.00000E+00  0.00000E+00  0.00000E+00  0.00000E+00  0.00000E+00  0.00000E+00  0.00000E+00  0.00000E+00
 THETA10      -1.15264E-04 -2.46905E-04  3.25521E-05  1.01874E-03 -1.42690E-03  8.45696E-05 -5.32095E-04  6.45411E-04  2.42003E-04  1.69962E-03 -5.52993E-05  0.00000E+00  0.00000E+00  0.00000E+00  0.00000E+00 -2.81753E-04  2.40529E-05 -8.47445E-05 -1.08216E-04  1.11760E-04 -2.37226E-04 -9.09127E-05 -1.54957E-04 -1.24746E-04 -4.36992E-04  2.23604E-04  1.49722E-04  1.12504E-05  8.04529E-05 -1.06082E-04  3.32793E-05 -8.07352E-05  6.98161E-05  9.75247E-05 -3.28576E-04  4.22564E-05 -4.43253E-05  1.15292E-04 -3.59528E-05 -5.50587E-04  1.26940E-04 -1.22551E-04  5.58219E-05 -4.59689E-05 -1.24013E-04  5.81334E-05 -8.78209E-05  1.88297E-04  2.68721E-04 -2.84488E-04  2.12030E-04  0.00000E+00  0.00000E+00  0.00000E+00  0.00000E+00  0.00000E+00  0.00000E+00  0.00000E+00  0.00000E+00  0.00000E+00  0.00000E+00  0.00000E+00  0.00000E+00  0.00000E+00  0.00000E+00  0.00000E+00  0.00000E+00  0.00000E+00  0.00000E+00  0.00000E+00  0.00000E+00  0.00000E+00  0.00000E+00  0.00000E+00  0.00000E+00  0.00000E+00  0.00000E+00  0.00000E+00  0.00000E+00  0.00000E+00  0.00000E+00
 THETA11       4.39367E-04 -9.80671E-04 -1.63576E-03  9.08359E-04 -8.28142E-04  4.70930E-04 -6.75044E-04  8.31586E-04  6.81673E-05 -5.52993E-05  4.58292E-03  0.00000E+00  0.00000E+00  0.00000E+00  0.00000E+00 -1.10874E-04  1.62970E-04  9.22999E-05 -1.42286E-04  1.43477E-04  2.73953E-04 -5.13457E-04  1.88581E-04 -2.12450E-04 -6.66886E-04  3.59793E-05 -1.08231E-04 -3.07885E-06  1.89212E-04 -9.55341E-05 -2.29361E-04  1.39955E-04 -1.39182E-04 -4.99421E-04  3.92469E-05 -1.13642E-04 -6.63216E-05  1.81863E-04  1.52600E-04 -3.33013E-04 -2.46404E-04  3.12013E-04  5.06288E-04 -6.28669E-05  5.25037E-04  7.76310E-05 -5.07661E-04  3.54659E-04 -1.53092E-04 -2.42972E-04  2.32522E-04  0.00000E+00  0.00000E+00  0.00000E+00  0.00000E+00  0.00000E+00  0.00000E+00  0.00000E+00  0.00000E+00  0.00000E+00  0.00000E+00  0.00000E+00  0.00000E+00  0.00000E+00  0.00000E+00  0.00000E+00  0.00000E+00  0.00000E+00  0.00000E+00  0.00000E+00  0.00000E+00  0.00000E+00  0.00000E+00  0.00000E+00  0.00000E+00  0.00000E+00  0.00000E+00  0.00000E+00  0.00000E+00  0.00000E+00  0.00000E+00
 THETA12       0.00000E+00  0.00000E+00  0.00000E+00  0.00000E+00  0.00000E+00  0.00000E+00  0.00000E+00  0.00000E+00  0.00000E+00  0.00000E+00  0.00000E+00  0.00000E+00  0.00000E+00  0.00000E+00  0.00000E+00  0.00000E+00  0.00000E+00  0.00000E+00  0.00000E+00  0.00000E+00  0.00000E+00  0.00000E+00  0.00000E+00  0.00000E+00  0.00000E+00  0.00000E+00  0.00000E+00  0.00000E+00  0.00000E+00  0.00000E+00  0.00000E+00  0.00000E+00  0.00000E+00  0.00000E+00  0.00000E+00  0.00000E+00  0.00000E+00  0.00000E+00  0.00000E+00  0.00000E+00  0.00000E+00  0.00000E+00  0.00000E+00  0.00000E+00  0.00000E+00  0.00000E+00  0.00000E+00  0.00000E+00  0.00000E+00  0.00000E+00  0.00000E+00  0.00000E+00  0.00000E+00  0.00000E+00  0.00000E+00  0.00000E+00  0.00000E+00  0.00000E+00  0.00000E+00  0.00000E+00  0.00000E+00  0.00000E+00  0.00000E+00  0.00000E+00  0.00000E+00  0.00000E+00  0.00000E+00  0.00000E+00  0.00000E+00  0.00000E+00  0.00000E+00  0.00000E+00  0.00000E+00  0.00000E+00  0.00000E+00  0.00000E+00  0.00000E+00  0.00000E+00  0.00000E+00  0.00000E+00  0.00000E+00
 SIGMA(1,1)    0.00000E+00  0.00000E+00  0.00000E+00  0.00000E+00  0.00000E+00  0.00000E+00  0.00000E+00  0.00000E+00  0.00000E+00  0.00000E+00  0.00000E+00  0.00000E+00  0.00000E+00  0.00000E+00  0.00000E+00  0.00000E+00  0.00000E+00  0.00000E+00  0.00000E+00  0.00000E+00  0.00000E+00  0.00000E+00  0.00000E+00  0.00000E+00  0.00000E+00  0.00000E+00  0.00000E+00  0.00000E+00  0.00000E+00  0.00000E+00  0.00000E+00  0.00000E+00  0.00000E+00  0.00000E+00  0.00000E+00  0.00000E+00  0.00000E+00  0.00000E+00  0.00000E+00  0.00000E+00  0.00000E+00  0.00000E+00  0.00000E+00  0.00000E+00  0.00000E+00  0.00000E+00  0.00000E+00  0.00000E+00  0.00000E+00  0.00000E+00  0.00000E+00  0.00000E+00  0.00000E+00  0.00000E+00  0.00000E+00  0.00000E+00  0.00000E+00  0.00000E+00  0.00000E+00  0.00000E+00  0.00000E+00  0.00000E+00  0.00000E+00  0.00000E+00  0.00000E+00  0.00000E+00  0.00000E+00  0.00000E+00  0.00000E+00  0.00000E+00  0.00000E+00  0.00000E+00  0.00000E+00  0.00000E+00  0.00000E+00  0.00000E+00  0.00000E+00  0.00000E+00  0.00000E+00  0.00000E+00  0.00000E+00
 SIGMA(2,1)    0.00000E+00  0.00000E+00  0.00000E+00  0.00000E+00  0.00000E+00  0.00000E+00  0.00000E+00  0.00000E+00  0.00000E+00  0.00000E+00  0.00000E+00  0.00000E+00  0.00000E+00  0.00000E+00  0.00000E+00  0.00000E+00  0.00000E+00  0.00000E+00  0.00000E+00  0.00000E+00  0.00000E+00  0.00000E+00  0.00000E+00  0.00000E+00  0.00000E+00  0.00000E+00  0.00000E+00  0.00000E+00  0.00000E+00  0.00000E+00  0.00000E+00  0.00000E+00  0.00000E+00  0.00000E+00  0.00000E+00  0.00000E+00  0.00000E+00  0.00000E+00  0.00000E+00  0.00000E+00  0.00000E+00  0.00000E+00  0.00000E+00  0.00000E+00  0.00000E+00  0.00000E+00  0.00000E+00  0.00000E+00  0.00000E+00  0.00000E+00  0.00000E+00  0.00000E+00  0.00000E+00  0.00000E+00  0.00000E+00  0.00000E+00  0.00000E+00  0.00000E+00  0.00000E+00  0.00000E+00  0.00000E+00  0.00000E+00  0.00000E+00  0.00000E+00  0.00000E+00  0.00000E+00  0.00000E+00  0.00000E+00  0.00000E+00  0.00000E+00  0.00000E+00  0.00000E+00  0.00000E+00  0.00000E+00  0.00000E+00  0.00000E+00  0.00000E+00  0.00000E+00  0.00000E+00  0.00000E+00  0.00000E+00
 SIGMA(2,2)    0.00000E+00  0.00000E+00  0.00000E+00  0.00000E+00  0.00000E+00  0.00000E+00  0.00000E+00  0.00000E+00  0.00000E+00  0.00000E+00  0.00000E+00  0.00000E+00  0.00000E+00  0.00000E+00  0.00000E+00  0.00000E+00  0.00000E+00  0.00000E+00  0.00000E+00  0.00000E+00  0.00000E+00  0.00000E+00  0.00000E+00  0.00000E+00  0.00000E+00  0.00000E+00  0.00000E+00  0.00000E+00  0.00000E+00  0.00000E+00  0.00000E+00  0.00000E+00  0.00000E+00  0.00000E+00  0.00000E+00  0.00000E+00  0.00000E+00  0.00000E+00  0.00000E+00  0.00000E+00  0.00000E+00  0.00000E+00  0.00000E+00  0.00000E+00  0.00000E+00  0.00000E+00  0.00000E+00  0.00000E+00  0.00000E+00  0.00000E+00  0.00000E+00  0.00000E+00  0.00000E+00  0.00000E+00  0.00000E+00  0.00000E+00  0.00000E+00  0.00000E+00  0.00000E+00  0.00000E+00  0.00000E+00  0.00000E+00  0.00000E+00  0.00000E+00  0.00000E+00  0.00000E+00  0.00000E+00  0.00000E+00  0.00000E+00  0.00000E+00  0.00000E+00  0.00000E+00  0.00000E+00  0.00000E+00  0.00000E+00  0.00000E+00  0.00000E+00  0.00000E+00  0.00000E+00  0.00000E+00  0.00000E+00
 OMEGA(1,1)   -7.67112E-04  6.75274E-04  9.49964E-04 -2.00848E-03  1.44204E-03  4.60561E-04 -2.19263E-04 -1.40715E-03  4.49907E-04 -2.81753E-04 -1.10874E-04  0.00000E+00  0.00000E+00  0.00000E+00  0.00000E+00  5.53765E-03 -9.57672E-04  7.64775E-04  4.55593E-04 -1.50176E-04  4.27274E-04  2.07841E-03 -1.42139E-04 -7.24408E-05  2.71619E-03 -5.75039E-04  8.55853E-06  3.84592E-04 -4.05282E-04  6.37373E-04 -7.48659E-04  2.21667E-04  2.60920E-04  1.35456E-04 -7.43207E-05  2.86986E-04  3.52187E-04 -1.31357E-04  2.06849E-04  8.33698E-04 -1.07781E-04 -2.88877E-04  8.62936E-04  9.68539E-04 -2.27861E-04 -1.04540E-04  7.57356E-04 -4.33873E-04 -2.76361E-04  8.61635E-04  5.14889E-04  0.00000E+00  0.00000E+00  0.00000E+00  0.00000E+00  0.00000E+00  0.00000E+00  0.00000E+00  0.00000E+00  0.00000E+00  0.00000E+00  0.00000E+00  0.00000E+00  0.00000E+00  0.00000E+00  0.00000E+00  0.00000E+00  0.00000E+00  0.00000E+00  0.00000E+00  0.00000E+00  0.00000E+00  0.00000E+00  0.00000E+00  0.00000E+00  0.00000E+00  0.00000E+00  0.00000E+00  0.00000E+00  0.00000E+00  0.00000E+00
 OMEGA(2,1)   -6.27150E-04 -1.27606E-03  4.39501E-04  2.59031E-05  8.52615E-04 -1.07055E-04  5.64680E-04 -4.98633E-04 -3.24431E-04  2.40529E-05  1.62970E-04  0.00000E+00  0.00000E+00  0.00000E+00  0.00000E+00 -9.57672E-04  4.12710E-03 -2.70553E-03 -5.22230E-04  5.61882E-04 -1.43539E-04 -1.49908E-03  1.98721E-03 -4.85121E-04 -2.88343E-03 -2.56733E-05  2.91133E-04 -3.90986E-04 -5.46136E-04 -3.78723E-04  3.47861E-04 -9.94829E-04  1.12755E-04  3.70997E-04  2.20486E-04 -3.47893E-04  1.32286E-03 -3.40572E-04  7.03065E-05  1.84118E-04  4.12291E-04 -5.33458E-05 -8.05853E-04  1.77022E-06  1.12648E-03 -2.43440E-04 -7.45712E-04  2.43032E-04 -1.67759E-04  2.41179E-04 -1.45879E-04  0.00000E+00  0.00000E+00  0.00000E+00  0.00000E+00  0.00000E+00  0.00000E+00  0.00000E+00  0.00000E+00  0.00000E+00  0.00000E+00  0.00000E+00  0.00000E+00  0.00000E+00  0.00000E+00  0.00000E+00  0.00000E+00  0.00000E+00  0.00000E+00  0.00000E+00  0.00000E+00  0.00000E+00  0.00000E+00  0.00000E+00  0.00000E+00  0.00000E+00  0.00000E+00  0.00000E+00  0.00000E+00  0.00000E+00  0.00000E+00
 OMEGA(2,2)    1.02435E-03 -5.92579E-05 -6.31144E-04  1.98244E-05 -1.25547E-03 -1.14244E-03  6.26278E-06 -7.87526E-05  5.26732E-04 -8.47445E-05  9.22999E-05  0.00000E+00  0.00000E+00  0.00000E+00  0.00000E+00  7.64775E-04 -2.70553E-03  1.19010E-02  2.40765E-04 -1.05708E-03  1.46937E-03  1.35169E-03 -6.10556E-03  9.39981E-04  5.25948E-03  3.11298E-04 -8.18390E-04  3.65195E-04  1.01822E-03  7.65869E-04 -2.10061E-04  2.31967E-04  5.46087E-05  5.87122E-04 -8.73764E-05  8.38001E-04 -9.72890E-04  3.24397E-03 -9.09847E-04 -1.92042E-03 -3.14045E-04  1.96880E-04  1.79662E-03  1.30626E-04 -4.00295E-04  3.38111E-04  2.62736E-04 -3.58046E-04  9.51179E-05 -6.64311E-05  4.15365E-04  0.00000E+00  0.00000E+00  0.00000E+00  0.00000E+00  0.00000E+00  0.00000E+00  0.00000E+00  0.00000E+00  0.00000E+00  0.00000E+00  0.00000E+00  0.00000E+00  0.00000E+00  0.00000E+00  0.00000E+00  0.00000E+00  0.00000E+00  0.00000E+00  0.00000E+00  0.00000E+00  0.00000E+00  0.00000E+00  0.00000E+00  0.00000E+00  0.00000E+00  0.00000E+00  0.00000E+00  0.00000E+00  0.00000E+00  0.00000E+00
 OMEGA(3,1)    1.02053E-03 -5.61512E-05 -4.90423E-04  1.33138E-03  1.62465E-04  9.08003E-05 -1.56068E-04 -2.32734E-04  3.71853E-04 -1.08216E-04 -1.42286E-04  0.00000E+00  0.00000E+00  0.00000E+00  0.00000E+00  4.55593E-04 -5.22230E-04  2.40765E-04  2.25269E-03 -6.84480E-04 -3.24629E-04  3.41168E-04 -1.19663E-04  1.49576E-03  5.60347E-04  4.54046E-04 -2.92325E-04  4.43752E-04  5.52483E-04  5.44370E-04  2.47770E-04  2.25627E-04 -2.26708E-04  5.50792E-05 -2.30329E-04 -1.70000E-04 -4.65319E-04  1.61954E-04  2.48788E-04 -7.73242E-05  2.21574E-05  2.54523E-04  3.09206E-04  1.70825E-04 -2.55473E-06  6.94607E-04  2.48872E-04  2.08368E-04  2.04876E-04  1.45031E-04  4.75997E-05  0.00000E+00  0.00000E+00  0.00000E+00  0.00000E+00  0.00000E+00  0.00000E+00  0.00000E+00  0.00000E+00  0.00000E+00  0.00000E+00  0.00000E+00  0.00000E+00  0.00000E+00  0.00000E+00  0.00000E+00  0.00000E+00  0.00000E+00  0.00000E+00  0.00000E+00  0.00000E+00  0.00000E+00  0.00000E+00  0.00000E+00  0.00000E+00  0.00000E+00  0.00000E+00  0.00000E+00  0.00000E+00  0.00000E+00  0.00000E+00
 OMEGA(3,2)   -7.47116E-04  4.10469E-04 -9.55993E-04 -1.49972E-03 -4.81534E-04 -8.38415E-04 -7.46400E-05 -5.86419E-04 -6.92523E-04  1.11760E-04  1.43477E-04  0.00000E+00  0.00000E+00  0.00000E+00  0.00000E+00 -1.50176E-04  5.61882E-04 -1.05708E-03 -6.84480E-04  4.72372E-03  3.68086E-04 -4.31743E-04  1.03917E-03 -3.19890E-03 -2.02174E-03 -2.11229E-04  1.59216E-03 -3.79949E-05 -1.40669E-03  1.80684E-05  1.70167E-04  8.26002E-05  4.41765E-04  3.48258E-05  1.61887E-04 -7.48497E-04  4.61531E-04 -7.88427E-04  1.27334E-03  7.15088E-04  1.26449E-04 -5.55227E-05 -7.37509E-04  5.19541E-05  5.62056E-04 -6.74901E-05 -8.27422E-04 -1.38224E-04  1.39590E-04 -2.94168E-05 -2.75303E-05  0.00000E+00  0.00000E+00  0.00000E+00  0.00000E+00  0.00000E+00  0.00000E+00  0.00000E+00  0.00000E+00  0.00000E+00  0.00000E+00  0.00000E+00  0.00000E+00  0.00000E+00  0.00000E+00  0.00000E+00  0.00000E+00  0.00000E+00  0.00000E+00  0.00000E+00  0.00000E+00  0.00000E+00  0.00000E+00  0.00000E+00  0.00000E+00  0.00000E+00  0.00000E+00  0.00000E+00  0.00000E+00  0.00000E+00  0.00000E+00
 OMEGA(3,3)    8.66216E-05 -1.66911E-04 -6.93754E-05  6.13727E-04 -7.98933E-04 -1.15004E-04 -2.77450E-07  7.93046E-04  8.43947E-05 -2.37226E-04  2.73953E-04  0.00000E+00  0.00000E+00  0.00000E+00  0.00000E+00  4.27274E-04 -1.43539E-04  1.46937E-03 -3.24629E-04  3.68086E-04  4.69796E-03  2.23191E-04 -1.48022E-03 -8.60092E-04  1.96496E-03  3.54432E-04 -4.66199E-04  5.41955E-04  3.10101E-04  1.18674E-03 -8.14020E-05  3.85074E-04 -3.57268E-04  2.66191E-04 -2.77799E-04  2.30084E-04  1.09030E-04  3.68120E-04  4.67017E-04 -7.60553E-04 -2.16062E-04 -2.30621E-04  4.82442E-04  1.05027E-04  2.23442E-04  7.95108E-04 -2.31104E-04  5.71450E-04 -1.22502E-04  8.45362E-04 -2.95533E-04  0.00000E+00  0.00000E+00  0.00000E+00  0.00000E+00  0.00000E+00  0.00000E+00  0.00000E+00  0.00000E+00  0.00000E+00  0.00000E+00  0.00000E+00  0.00000E+00  0.00000E+00  0.00000E+00  0.00000E+00  0.00000E+00  0.00000E+00  0.00000E+00  0.00000E+00  0.00000E+00  0.00000E+00  0.00000E+00  0.00000E+00  0.00000E+00  0.00000E+00  0.00000E+00  0.00000E+00  0.00000E+00  0.00000E+00  0.00000E+00
 OMEGA(4,1)    5.47524E-04 -4.13106E-04  1.39385E-03 -6.84007E-04  1.88693E-03 -4.79491E-04  1.85398E-04 -7.31502E-04 -3.58664E-04 -9.09127E-05 -5.13457E-04  0.00000E+00  0.00000E+00  0.00000E+00  0.00000E+00  2.07841E-03 -1.49908E-03  1.35169E-03  3.41168E-04 -4.31743E-04  2.23191E-04  5.76705E-03 -2.12901E-03  6.53497E-04  1.82605E-03 -3.62592E-04 -4.01712E-04  1.57324E-04  3.78303E-04  2.72988E-04  1.12011E-04  4.60333E-04  1.80131E-04 -9.98495E-04 -2.06504E-04  3.35693E-04  3.29850E-04  4.16071E-04 -2.89535E-04 -1.49873E-03 -4.00969E-04 -1.08042E-04 -1.91152E-04  8.70492E-04 -8.03957E-04 -5.96131E-06  1.40297E-03 -4.91385E-04 -6.04159E-05  1.46467E-04  6.99866E-04  0.00000E+00  0.00000E+00  0.00000E+00  0.00000E+00  0.00000E+00  0.00000E+00  0.00000E+00  0.00000E+00  0.00000E+00  0.00000E+00  0.00000E+00  0.00000E+00  0.00000E+00  0.00000E+00  0.00000E+00  0.00000E+00  0.00000E+00  0.00000E+00  0.00000E+00  0.00000E+00  0.00000E+00  0.00000E+00  0.00000E+00  0.00000E+00  0.00000E+00  0.00000E+00  0.00000E+00  0.00000E+00  0.00000E+00  0.00000E+00
 OMEGA(4,2)   -6.21224E-04 -4.81912E-04 -7.45689E-05 -2.28291E-04  1.43957E-03  1.01222E-03 -2.97897E-04 -8.15416E-04 -3.39557E-04 -1.54957E-04  1.88581E-04  0.00000E+00  0.00000E+00  0.00000E+00  0.00000E+00 -1.42139E-04  1.98721E-03 -6.10556E-03 -1.19663E-04  1.03917E-03 -1.48022E-03 -2.12901E-03  8.92374E-03 -2.10886E-03 -7.73231E-03 -7.30608E-04  9.57667E-04 -3.56813E-04 -1.23348E-03 -7.06777E-04 -3.24019E-05 -9.97445E-06  1.43191E-04 -1.02606E-04  6.29861E-04 -9.35710E-04  4.30781E-04 -1.94893E-03  9.53594E-04  2.92588E-03  1.91938E-04 -1.30921E-04 -9.55200E-04 -3.95600E-04  5.29223E-04 -4.96299E-04 -7.85724E-04 -3.23752E-04  4.41991E-05 -2.26699E-04 -1.92073E-04  0.00000E+00  0.00000E+00  0.00000E+00  0.00000E+00  0.00000E+00  0.00000E+00  0.00000E+00  0.00000E+00  0.00000E+00  0.00000E+00  0.00000E+00  0.00000E+00  0.00000E+00  0.00000E+00  0.00000E+00  0.00000E+00  0.00000E+00  0.00000E+00  0.00000E+00  0.00000E+00  0.00000E+00  0.00000E+00  0.00000E+00  0.00000E+00  0.00000E+00  0.00000E+00  0.00000E+00  0.00000E+00  0.00000E+00  0.00000E+00
 OMEGA(4,3)    6.70648E-04 -5.90754E-04  8.19501E-04  1.93635E-03  7.42377E-04  2.06023E-05  2.57415E-06  2.97477E-04  7.15149E-04 -1.24746E-04 -2.12450E-04  0.00000E+00  0.00000E+00  0.00000E+00  0.00000E+00 -7.24408E-05 -4.85121E-04  9.39981E-04  1.49576E-03 -3.19890E-03 -8.60092E-04  6.53497E-04 -2.10886E-03  5.41609E-03  3.38646E-03  6.69360E-04 -1.30642E-03 -8.23275E-05  1.99918E-03 -1.15087E-04  3.09140E-04 -3.22857E-05 -2.11802E-04  1.09140E-04 -1.45124E-05  4.48792E-04 -1.95735E-04  6.71209E-04 -8.67849E-04 -1.24862E-03 -3.44912E-04  4.08477E-04  3.32518E-04  6.30832E-05 -5.50291E-04  4.29804E-04  1.09641E-03  6.51824E-04  8.22134E-05 -3.09143E-05 -4.47920E-05  0.00000E+00  0.00000E+00  0.00000E+00  0.00000E+00  0.00000E+00  0.00000E+00  0.00000E+00  0.00000E+00  0.00000E+00  0.00000E+00  0.00000E+00  0.00000E+00  0.00000E+00  0.00000E+00  0.00000E+00  0.00000E+00  0.00000E+00  0.00000E+00  0.00000E+00  0.00000E+00  0.00000E+00  0.00000E+00  0.00000E+00  0.00000E+00  0.00000E+00  0.00000E+00  0.00000E+00  0.00000E+00  0.00000E+00  0.00000E+00
 OMEGA(4,4)    9.10208E-04  2.79620E-03  3.18421E-03 -6.06981E-03  2.52580E-03 -1.80234E-03 -2.08350E-04  2.38953E-04  1.31355E-03 -4.36992E-04 -6.66886E-04  0.00000E+00  0.00000E+00  0.00000E+00  0.00000E+00  2.71619E-03 -2.88343E-03  5.25948E-03  5.60347E-04 -2.02174E-03  1.96496E-03  1.82605E-03 -7.73231E-03  3.38646E-03  2.62525E-02  1.41100E-04 -6.58410E-04  2.59975E-04  1.04527E-03  6.95640E-04  1.79327E-04  1.81706E-04 -9.17459E-05  1.47771E-03 -8.46819E-04  1.16116E-03 -2.28651E-03  2.06932E-03 -1.44478E-03  7.01480E-04 -8.66998E-04  7.21014E-04  3.83383E-03  3.31346E-04 -8.29553E-04  6.95614E-04  2.46293E-03  4.26714E-04  3.35570E-04  6.62544E-04 -7.48885E-05  0.00000E+00  0.00000E+00  0.00000E+00  0.00000E+00  0.00000E+00  0.00000E+00  0.00000E+00  0.00000E+00  0.00000E+00  0.00000E+00  0.00000E+00  0.00000E+00  0.00000E+00  0.00000E+00  0.00000E+00  0.00000E+00  0.00000E+00  0.00000E+00  0.00000E+00  0.00000E+00  0.00000E+00  0.00000E+00  0.00000E+00  0.00000E+00  0.00000E+00  0.00000E+00  0.00000E+00  0.00000E+00  0.00000E+00  0.00000E+00
 OMEGA(5,1)   -6.17618E-04 -4.82236E-04 -6.65461E-04  1.13857E-03 -1.58060E-03  1.26832E-04 -4.63104E-04 -3.30936E-04  3.36711E-04  2.23604E-04  3.59793E-05  0.00000E+00  0.00000E+00  0.00000E+00  0.00000E+00 -5.75039E-04 -2.56733E-05  3.11298E-04  4.54046E-04 -2.11229E-04  3.54432E-04 -3.62592E-04 -7.30608E-04  6.69360E-04  1.41100E-04  2.32151E-03 -1.00636E-03  3.67408E-04  1.47462E-03  1.12036E-04 -2.39231E-04  2.55739E-04 -2.51479E-04 -2.05006E-04 -5.45918E-04  8.40988E-05 -3.83921E-05  5.90362E-04  1.49694E-06 -5.94687E-04  2.59066E-04  2.91644E-04  2.72854E-04 -5.28297E-04  5.03445E-04  3.52309E-04 -4.51843E-04  1.11959E-03  2.10658E-04  2.16662E-04 -2.02125E-04  0.00000E+00  0.00000E+00  0.00000E+00  0.00000E+00  0.00000E+00  0.00000E+00  0.00000E+00  0.00000E+00  0.00000E+00  0.00000E+00  0.00000E+00  0.00000E+00  0.00000E+00  0.00000E+00  0.00000E+00  0.00000E+00  0.00000E+00  0.00000E+00  0.00000E+00  0.00000E+00  0.00000E+00  0.00000E+00  0.00000E+00  0.00000E+00  0.00000E+00  0.00000E+00  0.00000E+00  0.00000E+00  0.00000E+00  0.00000E+00
 OMEGA(5,2)    1.37192E-04  3.91380E-04 -2.88943E-04 -1.04772E-03  5.60899E-04 -4.45914E-04  3.13270E-04 -8.21275E-05 -2.90078E-04  1.49722E-04 -1.08231E-04  0.00000E+00  0.00000E+00  0.00000E+00  0.00000E+00  8.55853E-06  2.91133E-04 -8.18390E-04 -2.92325E-04  1.59216E-03 -4.66199E-04 -4.01712E-04  9.57667E-04 -1.30642E-03 -6.58410E-04 -1.00636E-03  3.98849E-03 -2.83987E-04 -2.54217E-03  1.28028E-04  3.63907E-04 -6.81188E-04  1.95199E-04  7.73662E-04  6.14690E-04 -4.93595E-04  3.94754E-04 -3.98262E-04  5.67404E-05  4.73563E-04  1.08088E-03 -4.85010E-04 -6.73530E-04  4.35828E-04 -5.63305E-04 -3.48985E-04 -2.09999E-04 -5.13747E-04  4.67245E-05 -2.29254E-04 -5.02222E-05  0.00000E+00  0.00000E+00  0.00000E+00  0.00000E+00  0.00000E+00  0.00000E+00  0.00000E+00  0.00000E+00  0.00000E+00  0.00000E+00  0.00000E+00  0.00000E+00  0.00000E+00  0.00000E+00  0.00000E+00  0.00000E+00  0.00000E+00  0.00000E+00  0.00000E+00  0.00000E+00  0.00000E+00  0.00000E+00  0.00000E+00  0.00000E+00  0.00000E+00  0.00000E+00  0.00000E+00  0.00000E+00  0.00000E+00  0.00000E+00
 OMEGA(5,3)   -8.09114E-05  2.17490E-05 -9.19162E-04  5.35080E-04 -7.06278E-04 -1.54855E-04  8.41298E-05  4.81121E-04  2.34586E-04  1.12504E-05 -3.07885E-06  0.00000E+00  0.00000E+00  0.00000E+00  0.00000E+00  3.84592E-04 -3.90986E-04  3.65195E-04  4.43752E-04 -3.79949E-05  5.41955E-04  1.57324E-04 -3.56813E-04 -8.23275E-05  2.59975E-04  3.67408E-04 -2.83987E-04  2.97377E-03  4.59144E-04  1.27869E-03 -2.14423E-04  5.42513E-04 -3.60129E-04 -2.70019E-04 -3.39324E-04 -3.38054E-05 -1.24316E-04 -3.30797E-04  2.70270E-04 -1.74780E-04  1.44647E-04  1.56330E-04  5.37960E-05 -9.71464E-05 -2.50789E-04  2.21254E-04  7.39215E-05  8.09659E-04  1.93237E-05  5.93929E-05 -1.46732E-04  0.00000E+00  0.00000E+00  0.00000E+00  0.00000E+00  0.00000E+00  0.00000E+00  0.00000E+00  0.00000E+00  0.00000E+00  0.00000E+00  0.00000E+00  0.00000E+00  0.00000E+00  0.00000E+00  0.00000E+00  0.00000E+00  0.00000E+00  0.00000E+00  0.00000E+00  0.00000E+00  0.00000E+00  0.00000E+00  0.00000E+00  0.00000E+00  0.00000E+00  0.00000E+00  0.00000E+00  0.00000E+00  0.00000E+00  0.00000E+00
 OMEGA(5,4)   -7.98512E-04 -6.68677E-04  2.19826E-04  2.59338E-03 -1.08386E-03  4.55274E-04 -4.93155E-04  2.29058E-04  3.25657E-04  8.04529E-05  1.89212E-04  0.00000E+00  0.00000E+00  0.00000E+00  0.00000E+00 -4.05282E-04 -5.46136E-04  1.01822E-03  5.52483E-04 -1.40669E-03  3.10101E-04  3.78303E-04 -1.23348E-03  1.99918E-03  1.04527E-03  1.47462E-03 -2.54217E-03  4.59144E-04  4.80479E-03 -5.90637E-04 -3.25821E-04  9.14309E-04 -1.61759E-04 -7.41494E-04 -3.05109E-04  5.44626E-04 -3.57868E-04  6.62855E-04 -3.59840E-04 -8.64245E-04 -9.68121E-04  6.81574E-04  5.59606E-04 -3.70526E-04  1.96099E-04  6.00114E-04 -6.99945E-06  9.27885E-04 -6.98064E-05  2.02170E-05 -2.53137E-04  0.00000E+00  0.00000E+00  0.00000E+00  0.00000E+00  0.00000E+00  0.00000E+00  0.00000E+00  0.00000E+00  0.00000E+00  0.00000E+00  0.00000E+00  0.00000E+00  0.00000E+00  0.00000E+00  0.00000E+00  0.00000E+00  0.00000E+00  0.00000E+00  0.00000E+00  0.00000E+00  0.00000E+00  0.00000E+00  0.00000E+00  0.00000E+00  0.00000E+00  0.00000E+00  0.00000E+00  0.00000E+00  0.00000E+00  0.00000E+00
 OMEGA(5,5)    7.26005E-04 -7.37315E-04 -4.02603E-04  7.01258E-04 -3.49043E-05 -1.39493E-04 -7.29493E-05  7.09074E-04  6.29050E-04 -1.06082E-04 -9.55341E-05  0.00000E+00  0.00000E+00  0.00000E+00  0.00000E+00  6.37373E-04 -3.78723E-04  7.65869E-04  5.44370E-04  1.80684E-05  1.18674E-03  2.72988E-04 -7.06777E-04 -1.15087E-04  6.95640E-04  1.12036E-04  1.28028E-04  1.27869E-03 -5.90637E-04  4.91362E-03 -3.51113E-04  6.69360E-04 -2.63968E-04 -4.87388E-04 -7.58914E-04  7.61884E-04  9.10094E-05 -2.79046E-04  4.61320E-04 -5.96498E-04  8.90992E-04  1.34169E-04  7.82020E-04  3.54918E-04 -3.99091E-04  4.89420E-04  1.70890E-04  6.62770E-05 -8.07668E-06  3.64431E-04 -7.40611E-05  0.00000E+00  0.00000E+00  0.00000E+00  0.00000E+00  0.00000E+00  0.00000E+00  0.00000E+00  0.00000E+00  0.00000E+00  0.00000E+00  0.00000E+00  0.00000E+00  0.00000E+00  0.00000E+00  0.00000E+00  0.00000E+00  0.00000E+00  0.00000E+00  0.00000E+00  0.00000E+00  0.00000E+00  0.00000E+00  0.00000E+00  0.00000E+00  0.00000E+00  0.00000E+00  0.00000E+00  0.00000E+00  0.00000E+00  0.00000E+00
 OMEGA(6,1)    1.23589E-03 -3.76135E-04 -2.99270E-04  4.36527E-04  1.13143E-03 -1.03169E-03  2.59035E-05  1.21905E-04 -1.26622E-04  3.32793E-05 -2.29361E-04  0.00000E+00  0.00000E+00  0.00000E+00  0.00000E+00 -7.48659E-04  3.47861E-04 -2.10061E-04  2.47770E-04  1.70167E-04 -8.14020E-05  1.12011E-04 -3.24019E-05  3.09140E-04  1.79327E-04 -2.39231E-04  3.63907E-04 -2.14423E-04 -3.25821E-04 -3.51113E-04  2.07573E-03 -7.40496E-04 -2.61787E-05  7.92851E-04  2.42363E-05 -7.89480E-04 -4.69565E-04  2.77019E-04 -1.23148E-05 -6.97336E-05  1.61416E-04 -2.02403E-04 -3.84008E-05 -1.33699E-04 -2.53555E-04  1.62011E-04  8.31204E-05  1.10422E-04  5.32744E-04 -1.53091E-04  2.96155E-06  0.00000E+00  0.00000E+00  0.00000E+00  0.00000E+00  0.00000E+00  0.00000E+00  0.00000E+00  0.00000E+00  0.00000E+00  0.00000E+00  0.00000E+00  0.00000E+00  0.00000E+00  0.00000E+00  0.00000E+00  0.00000E+00  0.00000E+00  0.00000E+00  0.00000E+00  0.00000E+00  0.00000E+00  0.00000E+00  0.00000E+00  0.00000E+00  0.00000E+00  0.00000E+00  0.00000E+00  0.00000E+00  0.00000E+00  0.00000E+00
 OMEGA(6,2)   -4.22698E-04  4.96365E-04 -4.94035E-04 -5.31429E-04 -1.03315E-03 -1.02187E-04  2.55641E-04 -1.87728E-04  4.94461E-05 -8.07352E-05  1.39955E-04  0.00000E+00  0.00000E+00  0.00000E+00  0.00000E+00  2.21667E-04 -9.94829E-04  2.31967E-04  2.25627E-04  8.26002E-05  3.85074E-04  4.60333E-04 -9.97445E-06 -3.22857E-05  1.81706E-04  2.55739E-04 -6.81188E-04  5.42513E-04  9.14309E-04  6.69360E-04 -7.40496E-04  3.02119E-03 -4.84261E-04 -1.57347E-03 -3.65444E-04  3.37511E-04 -8.52364E-05 -1.08881E-03  3.75430E-04  2.74454E-04 -3.13979E-04  8.35237E-04 -9.63572E-05 -1.09873E-04 -3.08155E-04  2.78557E-04  5.10418E-04  1.39208E-04  1.05722E-04  1.00112E-05 -4.22761E-05  0.00000E+00  0.00000E+00  0.00000E+00  0.00000E+00  0.00000E+00  0.00000E+00  0.00000E+00  0.00000E+00  0.00000E+00  0.00000E+00  0.00000E+00  0.00000E+00  0.00000E+00  0.00000E+00  0.00000E+00  0.00000E+00  0.00000E+00  0.00000E+00  0.00000E+00  0.00000E+00  0.00000E+00  0.00000E+00  0.00000E+00  0.00000E+00  0.00000E+00  0.00000E+00  0.00000E+00  0.00000E+00  0.00000E+00  0.00000E+00
 OMEGA(6,3)    2.55165E-04  2.63927E-06  1.18983E-03 -2.91366E-04  6.82823E-05  6.02409E-05  6.45799E-05 -2.53640E-05 -2.41496E-05  6.98161E-05 -1.39182E-04  0.00000E+00  0.00000E+00  0.00000E+00  0.00000E+00  2.60920E-04  1.12755E-04  5.46087E-05 -2.26708E-04  4.41765E-04 -3.57268E-04  1.80131E-04  1.43191E-04 -2.11802E-04 -9.17459E-05 -2.51479E-04  1.95199E-04 -3.60129E-04 -1.61759E-04 -2.63968E-04 -2.61787E-05 -4.84261E-04  1.36909E-03  1.25082E-04  2.38416E-04  3.15910E-05  1.72788E-04  2.90952E-04 -3.56027E-04  1.10962E-04  1.10938E-04 -2.12777E-04  9.33629E-05  1.40695E-05  1.94500E-04 -2.04294E-04 -1.23110E-04 -3.11590E-04  2.11194E-05 -1.86014E-05  9.32427E-05  0.00000E+00  0.00000E+00  0.00000E+00  0.00000E+00  0.00000E+00  0.00000E+00  0.00000E+00  0.00000E+00  0.00000E+00  0.00000E+00  0.00000E+00  0.00000E+00  0.00000E+00  0.00000E+00  0.00000E+00  0.00000E+00  0.00000E+00  0.00000E+00  0.00000E+00  0.00000E+00  0.00000E+00  0.00000E+00  0.00000E+00  0.00000E+00  0.00000E+00  0.00000E+00  0.00000E+00  0.00000E+00  0.00000E+00  0.00000E+00
 OMEGA(6,4)   -2.62103E-04  1.87004E-04  3.34221E-05 -1.30838E-04  2.96922E-04 -2.91644E-04 -9.08282E-04 -2.89797E-04 -3.36276E-05  9.75247E-05 -4.99421E-04  0.00000E+00  0.00000E+00  0.00000E+00  0.00000E+00  1.35456E-04  3.70997E-04  5.87122E-04  5.50792E-05  3.48258E-05  2.66191E-04 -9.98495E-04 -1.02606E-04  1.09140E-04  1.47771E-03 -2.05006E-04  7.73662E-04 -2.70019E-04 -7.41494E-04 -4.87388E-04  7.92851E-04 -1.57347E-03  1.25082E-04  3.64518E-03  4.12994E-04  5.25065E-05  1.76881E-04  3.54939E-04  1.49611E-04 -4.79714E-05  5.39861E-04 -9.44442E-04 -1.05312E-04 -1.69841E-05  2.29675E-04  7.54618E-05 -3.68259E-04  1.01613E-04  8.19501E-05  1.99151E-04 -2.74714E-04  0.00000E+00  0.00000E+00  0.00000E+00  0.00000E+00  0.00000E+00  0.00000E+00  0.00000E+00  0.00000E+00  0.00000E+00  0.00000E+00  0.00000E+00  0.00000E+00  0.00000E+00  0.00000E+00  0.00000E+00  0.00000E+00  0.00000E+00  0.00000E+00  0.00000E+00  0.00000E+00  0.00000E+00  0.00000E+00  0.00000E+00  0.00000E+00  0.00000E+00  0.00000E+00  0.00000E+00  0.00000E+00  0.00000E+00  0.00000E+00
 OMEGA(6,5)   -4.65088E-04  7.03454E-05 -8.14344E-05 -7.75648E-04  1.42635E-03 -1.87589E-04  5.11097E-04 -8.45975E-05 -1.15444E-04 -3.28576E-04  3.92469E-05  0.00000E+00  0.00000E+00  0.00000E+00  0.00000E+00 -7.43207E-05  2.20486E-04 -8.73764E-05 -2.30329E-04  1.61887E-04 -2.77799E-04 -2.06504E-04  6.29861E-04 -1.45124E-05 -8.46819E-04 -5.45918E-04  6.14690E-04 -3.39324E-04 -3.05109E-04 -7.58914E-04  2.42363E-05 -3.65444E-04  2.38416E-04  4.12994E-04  1.97730E-03 -4.39285E-04  4.36591E-04 -1.58308E-04  1.12893E-04  3.95662E-04 -7.00773E-05  1.20527E-04 -5.12259E-04  2.93305E-04  1.42300E-04 -3.50352E-04  6.56349E-05 -3.49417E-04 -4.75608E-04  1.59300E-05  1.74376E-04  0.00000E+00  0.00000E+00  0.00000E+00  0.00000E+00  0.00000E+00  0.00000E+00  0.00000E+00  0.00000E+00  0.00000E+00  0.00000E+00  0.00000E+00  0.00000E+00  0.00000E+00  0.00000E+00  0.00000E+00  0.00000E+00  0.00000E+00  0.00000E+00  0.00000E+00  0.00000E+00  0.00000E+00  0.00000E+00  0.00000E+00  0.00000E+00  0.00000E+00  0.00000E+00  0.00000E+00  0.00000E+00  0.00000E+00  0.00000E+00
 OMEGA(6,6)    3.97495E-04  2.46795E-04  2.14192E-05  5.27896E-04 -5.78910E-04  4.00520E-04  3.13618E-04  7.55629E-04 -2.02038E-04  4.22564E-05 -1.13642E-04  0.00000E+00  0.00000E+00  0.00000E+00  0.00000E+00  2.86986E-04 -3.47893E-04  8.38001E-04 -1.70000E-04 -7.48497E-04  2.30084E-04  3.35693E-04 -9.35710E-04  4.48792E-04  1.16116E-03  8.40988E-05 -4.93595E-04 -3.38054E-05  5.44626E-04  7.61884E-04 -7.89480E-04  3.37511E-04  3.15910E-05  5.25065E-05 -4.39285E-04  3.55923E-03 -1.75594E-04  3.81586E-04 -4.61195E-04 -9.16005E-04 -6.42077E-05 -4.40743E-04  4.77048E-04  4.10859E-05 -1.57796E-04 -4.43313E-05 -1.54366E-05 -2.43767E-04 -4.90847E-04 -2.79884E-04  4.72467E-06  0.00000E+00  0.00000E+00  0.00000E+00  0.00000E+00  0.00000E+00  0.00000E+00  0.00000E+00  0.00000E+00  0.00000E+00  0.00000E+00  0.00000E+00  0.00000E+00  0.00000E+00  0.00000E+00  0.00000E+00  0.00000E+00  0.00000E+00  0.00000E+00  0.00000E+00  0.00000E+00  0.00000E+00  0.00000E+00  0.00000E+00  0.00000E+00  0.00000E+00  0.00000E+00  0.00000E+00  0.00000E+00  0.00000E+00  0.00000E+00
