TABLE NO.     1: NUTS Bayesian Analysis: Problem=1 Subproblem=0 Superproblem1=0 Iteration1=0 Superproblem2=0 Iteration2=0
 NAME         THETA1       THETA2       THETA3       THETA4       THETA5       THETA6       THETA7       THETA8       THETA9       THETA10      THETA11      THETA12      SIGMA(1,1)   SIGMA(2,1)   SIGMA(2,2)   OMEGA(1,1)   OMEGA(2,1)   OMEGA(2,2)   OMEGA(3,1)   OMEGA(3,2)   OMEGA(3,3)   OMEGA(4,1)   OMEGA(4,2)   OMEGA(4,3)   OMEGA(4,4)   OMEGA(5,1)   OMEGA(5,2)   OMEGA(5,3)   OMEGA(5,4)   OMEGA(5,5)   OMEGA(6,1)   OMEGA(6,2)   OMEGA(6,3)   OMEGA(6,4)   OMEGA(6,5)   OMEGA(6,6)   OMEGA(7,1)   OMEGA(7,2)   OMEGA(7,3)   OMEGA(7,4)   OMEGA(7,5)   OMEGA(7,6)   OMEGA(7,7)   OMEGA(8,1)   OMEGA(8,2)   OMEGA(8,3)   OMEGA(8,4)   OMEGA(8,5)   OMEGA(8,6)   OMEGA(8,7)   OMEGA(8,8)   OMEGA(9,1)   OMEGA(9,2)   OMEGA(9,3)   OMEGA(9,4)   OMEGA(9,5)   OMEGA(9,6)   OMEGA(9,7)   OMEGA(9,8)   OMEGA(9,9)   OMEGA(10,1)  OMEGA(10,2)  OMEGA(10,3)  OMEGA(10,4)  OMEGA(10,5)  OMEGA(10,6)  OMEGA(10,7)  OMEGA(10,8)  OMEGA(10,9)  OMEGA(10,10) OMEGA(11,1)  OMEGA(11,2)  OMEGA(11,3)  OMEGA(11,4)  OMEGA(11,5)  OMEGA(11,6)  OMEGA(11,7)  OMEGA(11,8)  OMEGA(11,9)  OMEGA(11,10) OMEGA(11,11)
 THETA1        8.30129E+01  5.60572E-01 -1.85737E+00 -6.75416E+00  2.70296E+00  2.27897E+01 -1.78350E+01 -7.66641E+00  7.27944E+00  4.58715E+00 -1.61537E+01  0.00000E+00  0.00000E+00  0.00000E+00  0.00000E+00  1.28308E+01  8.57441E+00  8.37857E-01 -3.21971E+01  1.36282E+01 -2.68073E+00 -5.58048E+00 -4.99664E+00 -5.02351E-01 -8.80621E-02  1.72442E+01  2.08869E+00 -2.86291E+00  1.99470E+01 -2.08963E+00 -2.55614E+01  9.73550E+00 -2.08064E+01  1.52294E+01  8.42174E+00 -1.58855E+01  2.06961E+01 -1.01086E+01 -3.89009E+00  2.29287E+00 -3.80460E+00  6.65188E+00 -7.13338E+00  1.10800E+01 -7.93778E+00 -1.30709E+01 -3.91824E+00  2.50661E+01 -2.75790E+01 -2.19761E+01  1.88359E+00  0.00000E+00  0.00000E+00  0.00000E+00  0.00000E+00  0.00000E+00  0.00000E+00  0.00000E+00  0.00000E+00  0.00000E+00  0.00000E+00  0.00000E+00  0.00000E+00  0.00000E+00  0.00000E+00  0.00000E+00  0.00000E+00  0.00000E+00  0.00000E+00  0.00000E+00  0.00000E+00  0.00000E+00  0.00000E+00  0.00000E+00  0.00000E+00  0.00000E+00  0.00000E+00  0.00000E+00  0.00000E+00  0.00000E+00  0.00000E+00
 THETA2        5.60572E-01  6.32035E+01  8.08437E+00  1.59057E+01 -5.21066E-01 -1.04766E+01 -1.32887E+01  3.23336E+00 -9.18038E-01 -5.79179E+00  7.12761E+00  0.00000E+00  0.00000E+00  0.00000E+00  0.00000E+00  4.24534E+00  2.42309E+01 -2.26870E-01 -2.50299E+01  6.17001E+00 -2.51828E+00  1.61045E+01  7.49265E+00  1.60646E+01 -3.33358E+00  5.04185E+00 -3.18648E+00  1.37165E+00 -1.11330E+00  1.65275E+01 -2.11509E+00  1.71686E+01 -1.65934E+01 -3.34793E-01  1.16686E+01 -1.60659E+01 -2.30797E+01  2.69327E+01 -1.18731E+01  1.88551E+00  1.75625E+01 -1.82352E+01 -5.31058E+00  8.90134E+00  2.75486E+01  1.40610E+01 -3.43497E+00 -4.65197E+00 -1.07904E+01 -2.06724E+01  7.88972E+00  0.00000E+00  0.00000E+00  0.00000E+00  0.00000E+00  0.00000E+00  0.00000E+00  0.00000E+00  0.00000E+00  0.00000E+00  0.00000E+00  0.00000E+00  0.00000E+00  0.00000E+00  0.00000E+00  0.00000E+00  0.00000E+00  0.00000E+00  0.00000E+00  0.00000E+00  0.00000E+00  0.00000E+00  0.00000E+00  0.00000E+00  0.00000E+00  0.00000E+00  0.00000E+00  0.00000E+00  0.00000E+00  0.00000E+00  0.00000E+00
 THETA3       -1.85737E+00  8.08437E+00  5.81867E+01  5.93338E+00 -3.76706E+01  2.66722E+00  3.92009E+00 -1.06209E+01  6.31475E+00 -1.63621E+01  1.78821E+01  0.00000E+00  0.00000E+00  0.00000E+00  0.00000E+00 -1.38232E+00  5.35226E+00 -1.17069E+00  4.05738E+00  3.57162E+00 -1.78016E+01  1.21938E+01 -5.61848E+00  1.88014E+00 -1.57770E+00 -1.86126E+00  1.55240E+00  8.27579E+00 -1.37489E+01  1.53842E+01  3.63672E+01  2.83517E+00 -5.20890E+01 -5.75489E+00  4.26596E+01  1.53394E+01  2.70836E+00  2.57134E+01  2.59606E+01  2.37691E+01 -2.53885E+01 -1.06304E+01 -2.78110E+00 -1.61276E+01 -1.74757E+01  1.63139E-01 -2.88990E+01  7.25322E+00  3.59333E+00  1.48273E+01  7.30919E-01  0.00000E+00  0.00000E+00  0.00000E+00  0.00000E+00  0.00000E+00  0.00000E+00  0.00000E+00  0.00000E+00  0.00000E+00  0.00000E+00  0.00000E+00  0.00000E+00  0.00000E+00  0.00000E+00  0.00000E+00  0.00000E+00  0.00000E+00  0.00000E+00  0.00000E+00  0.00000E+00  0.00000E+00  0.00000E+00  0.00000E+00  0.00000E+00  0.00000E+00  0.00000E+00  0.00000E+00  0.00000E+00  0.00000E+00  0.00000E+00
 THETA4       -6.75416E+00  1.59057E+01  5.93338E+00  5.55617E+01  8.01502E-01 -1.16268E+00 -4.56717E+00 -5.53141E+00  8.51139E+00 -1.49867E+01  2.06640E+00  0.00000E+00  0.00000E+00  0.00000E+00  0.00000E+00  4.54221E+00  9.90823E+00 -8.52687E+00 -3.86378E+01  1.37134E+01 -8.17620E+00  1.59552E+01 -1.44211E+00  1.00080E+01  1.62469E+01  2.58512E+00 -2.25906E+01  1.54584E+01 -2.94571E+01 -4.35901E+00 -2.58992E+00  3.29837E+01 -1.74292E+01  8.92236E-01  1.81856E+01 -2.20086E+00  1.20569E+00  4.76799E+01  7.28947E-01  3.91204E+01  3.37974E+01  3.80857E+00 -2.55092E+01  6.53812E+00 -1.44123E+00  1.99601E+01 -3.34802E+01 -4.52708E+01  9.45500E+00 -9.06932E+00  1.00617E+01  0.00000E+00  0.00000E+00  0.00000E+00  0.00000E+00  0.00000E+00  0.00000E+00  0.00000E+00  0.00000E+00  0.00000E+00  0.00000E+00  0.00000E+00  0.00000E+00  0.00000E+00  0.00000E+00  0.00000E+00  0.00000E+00  0.00000E+00  0.00000E+00  0.00000E+00  0.00000E+00  0.00000E+00  0.00000E+00  0.00000E+00  0.00000E+00  0.00000E+00  0.00000E+00  0.00000E+00  0.00000E+00  0.00000E+00  0.00000E+00
 THETA5        2.70296E+00 -5.21066E-01 -3.76706E+01  8.01502E-01  5.98405E+01 -9.66175E+00 -1.16570E+01  8.72841E+00 -7.49182E+00  2.54581E+01 -1.20680E+01  0.00000E+00  0.00000E+00  0.00000E+00  0.00000E+00  4.86215E-01 -1.27678E+00  3.25353E+00 -1.77831E+01 -1.31075E+01  1.22621E+01 -1.06921E+01 -1.37080E+01 -2.17865E+00 -9.25142E+00  1.34015E+01  1.27136E+01 -4.28264E+00  4.93732E+00 -1.50527E+01 -4.89883E+01  6.35441E+00  5.12060E+01  8.48763E+00 -4.35674E+01 -9.48941E+00 -1.77149E+01 -2.73462E+01 -5.59855E+00 -2.85101E+00  9.75210E+00  6.04407E+00  7.84274E+00  4.62448E+00  2.46015E+01  3.17319E+01  1.86874E+01  1.14773E+01 -6.25767E+00 -2.45947E+01  2.56468E+00  0.00000E+00  0.00000E+00  0.00000E+00  0.00000E+00  0.00000E+00  0.00000E+00  0.00000E+00  0.00000E+00  0.00000E+00  0.00000E+00  0.00000E+00  0.00000E+00  0.00000E+00  0.00000E+00  0.00000E+00  0.00000E+00  0.00000E+00  0.00000E+00  0.00000E+00  0.00000E+00  0.00000E+00  0.00000E+00  0.00000E+00  0.00000E+00  0.00000E+00  0.00000E+00  0.00000E+00  0.00000E+00  0.00000E+00  0.00000E+00
 THETA6        2.27897E+01 -1.04766E+01  2.66722E+00 -1.16268E+00 -9.66175E+00  1.25096E+02  7.51635E+00 -1.01306E+00 -3.94315E+01  7.41917E+00 -1.53127E+01  0.00000E+00  0.00000E+00  0.00000E+00  0.00000E+00 -4.61209E+00  4.87182E-01  1.40029E+01 -1.51650E+01  2.11771E+01 -1.65731E+01  5.31521E+00  3.16089E+00  6.48144E+00  1.33350E+01  1.33165E+01 -2.53198E+00  6.13974E+00 -1.73189E+01  1.03566E+01  7.25928E+01  2.83660E+01 -1.01435E+01  7.83866E+00  1.29097E+01 -6.81681E+00  3.22228E+01  6.29185E+00  1.76402E+00  6.82527E+00 -2.75938E+01  2.45413E+01  3.32805E+00  2.90787E+01 -1.05487E+01 -2.18145E+01 -2.24918E+01  2.75045E+01 -3.15614E+01  6.22949E+00 -1.66339E+01  0.00000E+00  0.00000E+00  0.00000E+00  0.00000E+00  0.00000E+00  0.00000E+00  0.00000E+00  0.00000E+00  0.00000E+00  0.00000E+00  0.00000E+00  0.00000E+00  0.00000E+00  0.00000E+00  0.00000E+00  0.00000E+00  0.00000E+00  0.00000E+00  0.00000E+00  0.00000E+00  0.00000E+00  0.00000E+00  0.00000E+00  0.00000E+00  0.00000E+00  0.00000E+00  0.00000E+00  0.00000E+00  0.00000E+00  0.00000E+00
 THETA7       -1.78350E+01 -1.32887E+01  3.92009E+00 -4.56717E+00 -1.16570E+01  7.51635E+00  9.58887E+01 -1.13377E+01  5.74101E-01  2.69252E+01  2.29813E+01  0.00000E+00  0.00000E+00  0.00000E+00  0.00000E+00 -1.13878E+01 -3.35928E+01 -5.06457E+00  2.41470E+01  1.31640E+01  3.83418E+00  4.61341E+00  1.06416E+01 -1.77209E+00 -4.95605E-01 -5.82687E+00 -1.59638E+01 -9.59313E+00  5.39379E+00  1.33219E+01  6.86024E+00 -1.53031E+01 -1.02420E+01  3.80112E+01 -2.19450E+01 -2.55853E+00  1.28149E+01  4.54008E+00 -2.37193E+01  6.76906E+00 -1.47916E+01  2.03666E+01  6.23221E+00  1.98614E+01 -1.86612E+01 -3.98152E+01 -6.63947E+00  7.36435E+00  1.72154E+01  1.85432E+01 -1.77346E+01  0.00000E+00  0.00000E+00  0.00000E+00  0.00000E+00  0.00000E+00  0.00000E+00  0.00000E+00  0.00000E+00  0.00000E+00  0.00000E+00  0.00000E+00  0.00000E+00  0.00000E+00  0.00000E+00  0.00000E+00  0.00000E+00  0.00000E+00  0.00000E+00  0.00000E+00  0.00000E+00  0.00000E+00  0.00000E+00  0.00000E+00  0.00000E+00  0.00000E+00  0.00000E+00  0.00000E+00  0.00000E+00  0.00000E+00  0.00000E+00
 THETA8       -7.66641E+00  3.23336E+00 -1.06209E+01 -5.53141E+00  8.72841E+00 -1.01306E+00 -1.13377E+01  6.72310E+01 -2.24514E+01 -1.82001E+01 -1.42295E+01  0.00000E+00  0.00000E+00  0.00000E+00  0.00000E+00  1.61084E+01  1.27773E+01  1.02258E+01  1.44141E+00  9.10122E+00 -1.42617E+01 -1.60557E-01  1.81212E+01  4.19464E+00  2.94384E+00  2.53576E+01  1.36741E+00 -7.70095E+00 -8.09546E-01 -5.77597E+00 -2.28662E-01  2.27069E+01  4.54131E+00  6.64735E+00 -2.17705E+01 -2.52344E+01 -2.45452E+01 -5.25368E+00 -2.31821E+01 -2.81854E+01  8.86766E+00 -6.17105E+00 -8.76661E+00  1.14613E+01  1.74523E+01 -1.64674E+00  5.28815E-01 -1.35216E+01 -3.36753E+01  2.81761E+01  1.28192E+01  0.00000E+00  0.00000E+00  0.00000E+00  0.00000E+00  0.00000E+00  0.00000E+00  0.00000E+00  0.00000E+00  0.00000E+00  0.00000E+00  0.00000E+00  0.00000E+00  0.00000E+00  0.00000E+00  0.00000E+00  0.00000E+00  0.00000E+00  0.00000E+00  0.00000E+00  0.00000E+00  0.00000E+00  0.00000E+00  0.00000E+00  0.00000E+00  0.00000E+00  0.00000E+00  0.00000E+00  0.00000E+00  0.00000E+00  0.00000E+00
 THETA9        7.27944E+00 -9.18038E-01  6.31475E+00  8.51139E+00 -7.49182E+00 -3.94315E+01  5.74101E-01 -2.24514E+01  1.75628E+02 -2.97760E+01  6.17400E+00  0.00000E+00  0.00000E+00  0.00000E+00  0.00000E+00 -1.65363E+01  5.39294E-01 -1.62682E+01 -2.48165E+00  7.33379E+00  1.69131E+01  2.31842E+01 -1.19426E+01 -5.18798E+00 -4.98327E+00 -2.79311E+01 -1.95804E+00  8.58779E+00  7.77435E+00 -2.51513E+01 -2.25371E+01 -1.15297E+01 -2.02866E+01  7.13483E+00  7.35414E-01  3.29731E+01  1.02649E+01  7.12445E+00  2.09224E+01  1.66871E+01  1.38196E+01  1.58082E+01 -1.07523E+01 -9.37322E+00 -5.34633E+00 -3.23635E+01 -2.66073E+01 -3.32245E+01  5.02799E+01 -1.59528E+01  6.97819E+00  0.00000E+00  0.00000E+00  0.00000E+00  0.00000E+00  0.00000E+00  0.00000E+00  0.00000E+00  0.00000E+00  0.00000E+00  0.00000E+00  0.00000E+00  0.00000E+00  0.00000E+00  0.00000E+00  0.00000E+00  0.00000E+00  0.00000E+00  0.00000E+00  0.00000E+00  0.00000E+00  0.00000E+00  0.00000E+00  0.00000E+00  0.00000E+00  0.00000E+00  0.00000E+00  0.00000E+00  0.00000E+00  0.00000E+00  0.00000E+00
 THETA10       4.58715E+00 -5.79179E+00 -1.63621E+01 -1.49867E+01  2.54581E+01  7.41917E+00  2.69252E+01 -1.82001E+01 -2.97760E+01  7.49508E+02  2.21306E+01  0.00000E+00  0.00000E+00  0.00000E+00  0.00000E+00  1.09815E+00 -2.35093E+01  1.32824E+01  4.40242E+01  2.97556E+01  5.80200E+01  1.24378E+01  1.97036E+01  5.04983E+01  2.79919E+00 -5.16932E+01 -6.88479E+01 -1.05235E+00 -2.86401E+01  1.62468E+01  1.70845E+01 -2.50756E+01 -3.87398E+01 -2.31326E+01  8.09915E+01  4.71849E+00  1.72049E+01 -7.16368E+00 -4.22077E+01  6.21595E+01  2.19107E+01  5.27604E+01  3.15383E+00 -5.69795E+01 -6.44359E+00  2.59820E+01 -3.43844E+00 -3.84816E+01 -1.34273E+02  5.19358E+01 -6.84189E+01  0.00000E+00  0.00000E+00  0.00000E+00  0.00000E+00  0.00000E+00  0.00000E+00  0.00000E+00  0.00000E+00  0.00000E+00  0.00000E+00  0.00000E+00  0.00000E+00  0.00000E+00  0.00000E+00  0.00000E+00  0.00000E+00  0.00000E+00  0.00000E+00  0.00000E+00  0.00000E+00  0.00000E+00  0.00000E+00  0.00000E+00  0.00000E+00  0.00000E+00  0.00000E+00  0.00000E+00  0.00000E+00  0.00000E+00  0.00000E+00
 THETA11      -1.61537E+01  7.12761E+00  1.78821E+01  2.06640E+00 -1.20680E+01 -1.53127E+01  2.29813E+01 -1.42295E+01  6.17400E+00  2.21306E+01  2.66532E+02  0.00000E+00  0.00000E+00  0.00000E+00  0.00000E+00 -2.06960E+01  8.69718E-01 -1.77110E+01  2.61035E+01  1.33695E+01 -7.76520E+00  3.36555E+01 -3.99319E+00  5.41088E+00  3.54455E-01  1.65696E+01 -2.90728E+01  1.72853E+01 -5.64930E+00  1.24423E+01  7.67771E+00  3.69543E+00 -3.22247E-01  5.18832E+01  1.03469E+01  1.52458E+01 -6.63128E+00  3.22162E+01 -1.34425E+01  2.85921E+01  3.04586E+01 -6.18164E+00 -1.71896E+01 -2.44990E+01 -6.09792E+01 -1.75948E+01  6.85584E+00 -7.16100E+01  2.44921E+01  4.97099E+01 -2.22064E+01  0.00000E+00  0.00000E+00  0.00000E+00  0.00000E+00  0.00000E+00  0.00000E+00  0.00000E+00  0.00000E+00  0.00000E+00  0.00000E+00  0.00000E+00  0.00000E+00  0.00000E+00  0.00000E+00  0.00000E+00  0.00000E+00  0.00000E+00  0.00000E+00  0.00000E+00  0.00000E+00  0.00000E+00  0.00000E+00  0.00000E+00  0.00000E+00  0.00000E+00  0.00000E+00  0.00000E+00  0.00000E+00  0.00000E+00  0.00000E+00
 THETA12       0.00000E+00  0.00000E+00  0.00000E+00  0.00000E+00  0.00000E+00  0.00000E+00  0.00000E+00  0.00000E+00  0.00000E+00  0.00000E+00  0.00000E+00  0.00000E+00  0.00000E+00  0.00000E+00  0.00000E+00  0.00000E+00  0.00000E+00  0.00000E+00  0.00000E+00  0.00000E+00  0.00000E+00  0.00000E+00  0.00000E+00  0.00000E+00  0.00000E+00  0.00000E+00  0.00000E+00  0.00000E+00  0.00000E+00  0.00000E+00  0.00000E+00  0.00000E+00  0.00000E+00  0.00000E+00  0.00000E+00  0.00000E+00  0.00000E+00  0.00000E+00  0.00000E+00  0.00000E+00  0.00000E+00  0.00000E+00  0.00000E+00  0.00000E+00  0.00000E+00  0.00000E+00  0.00000E+00  0.00000E+00  0.00000E+00  0.00000E+00  0.00000E+00  0.00000E+00  0.00000E+00  0.00000E+00  0.00000E+00  0.00000E+00  0.00000E+00  0.00000E+00  0.00000E+00  0.00000E+00  0.00000E+00  0.00000E+00  0.00000E+00  0.00000E+00  0.00000E+00  0.00000E+00  0.00000E+00  0.00000E+00  0.00000E+00  0.00000E+00  0.00000E+00  0.00000E+00  0.00000E+00  0.00000E+00  0.00000E+00  0.00000E+00  0.00000E+00  0.00000E+00  0.00000E+00  0.00000E+00  0.00000E+00
 SIGMA(1,1)    0.00000E+00  0.00000E+00  0.00000E+00  0.00000E+00  0.00000E+00  0.00000E+00  0.00000E+00  0.00000E+00  0.00000E+00  0.00000E+00  0.00000E+00  0.00000E+00  0.00000E+00  0.00000E+00  0.00000E+00  0.00000E+00  0.00000E+00  0.00000E+00  0.00000E+00  0.00000E+00  0.00000E+00  0.00000E+00  0.00000E+00  0.00000E+00  0.00000E+00  0.00000E+00  0.00000E+00  0.00000E+00  0.00000E+00  0.00000E+00  0.00000E+00  0.00000E+00  0.00000E+00  0.00000E+00  0.00000E+00  0.00000E+00  0.00000E+00  0.00000E+00  0.00000E+00  0.00000E+00  0.00000E+00  0.00000E+00  0.00000E+00  0.00000E+00  0.00000E+00  0.00000E+00  0.00000E+00  0.00000E+00  0.00000E+00  0.00000E+00  0.00000E+00  0.00000E+00  0.00000E+00  0.00000E+00  0.00000E+00  0.00000E+00  0.00000E+00  0.00000E+00  0.00000E+00  0.00000E+00  0.00000E+00  0.00000E+00  0.00000E+00  0.00000E+00  0.00000E+00  0.00000E+00  0.00000E+00  0.00000E+00  0.00000E+00  0.00000E+00  0.00000E+00  0.00000E+00  0.00000E+00  0.00000E+00  0.00000E+00  0.00000E+00  0.00000E+00  0.00000E+00  0.00000E+00  0.00000E+00  0.00000E+00
 SIGMA(2,1)    0.00000E+00  0.00000E+00  0.00000E+00  0.00000E+00  0.00000E+00  0.00000E+00  0.00000E+00  0.00000E+00  0.00000E+00  0.00000E+00  0.00000E+00  0.00000E+00  0.00000E+00  0.00000E+00  0.00000E+00  0.00000E+00  0.00000E+00  0.00000E+00  0.00000E+00  0.00000E+00  0.00000E+00  0.00000E+00  0.00000E+00  0.00000E+00  0.00000E+00  0.00000E+00  0.00000E+00  0.00000E+00  0.00000E+00  0.00000E+00  0.00000E+00  0.00000E+00  0.00000E+00  0.00000E+00  0.00000E+00  0.00000E+00  0.00000E+00  0.00000E+00  0.00000E+00  0.00000E+00  0.00000E+00  0.00000E+00  0.00000E+00  0.00000E+00  0.00000E+00  0.00000E+00  0.00000E+00  0.00000E+00  0.00000E+00  0.00000E+00  0.00000E+00  0.00000E+00  0.00000E+00  0.00000E+00  0.00000E+00  0.00000E+00  0.00000E+00  0.00000E+00  0.00000E+00  0.00000E+00  0.00000E+00  0.00000E+00  0.00000E+00  0.00000E+00  0.00000E+00  0.00000E+00  0.00000E+00  0.00000E+00  0.00000E+00  0.00000E+00  0.00000E+00  0.00000E+00  0.00000E+00  0.00000E+00  0.00000E+00  0.00000E+00  0.00000E+00  0.00000E+00  0.00000E+00  0.00000E+00  0.00000E+00
 SIGMA(2,2)    0.00000E+00  0.00000E+00  0.00000E+00  0.00000E+00  0.00000E+00  0.00000E+00  0.00000E+00  0.00000E+00  0.00000E+00  0.00000E+00  0.00000E+00  0.00000E+00  0.00000E+00  0.00000E+00  0.00000E+00  0.00000E+00  0.00000E+00  0.00000E+00  0.00000E+00  0.00000E+00  0.00000E+00  0.00000E+00  0.00000E+00  0.00000E+00  0.00000E+00  0.00000E+00  0.00000E+00  0.00000E+00  0.00000E+00  0.00000E+00  0.00000E+00  0.00000E+00  0.00000E+00  0.00000E+00  0.00000E+00  0.00000E+00  0.00000E+00  0.00000E+00  0.00000E+00  0.00000E+00  0.00000E+00  0.00000E+00  0.00000E+00  0.00000E+00  0.00000E+00  0.00000E+00  0.00000E+00  0.00000E+00  0.00000E+00  0.00000E+00  0.00000E+00  0.00000E+00  0.00000E+00  0.00000E+00  0.00000E+00  0.00000E+00  0.00000E+00  0.00000E+00  0.00000E+00  0.00000E+00  0.00000E+00  0.00000E+00  0.00000E+00  0.00000E+00  0.00000E+00  0.00000E+00  0.00000E+00  0.00000E+00  0.00000E+00  0.00000E+00  0.00000E+00  0.00000E+00  0.00000E+00  0.00000E+00  0.00000E+00  0.00000E+00  0.00000E+00  0.00000E+00  0.00000E+00  0.00000E+00  0.00000E+00
 OMEGA(1,1)    1.28308E+01  4.24534E+00 -1.38232E+00  4.54221E+00  4.86215E-01 -4.61209E+00 -1.13878E+01  1.61084E+01 -1.65363E+01  1.09815E+00 -2.06960E+01  0.00000E+00  0.00000E+00  0.00000E+00  0.00000E+00  3.22050E+02  1.83934E+01 -1.39178E+01 -6.57837E+01  7.43808E+00 -2.79009E+01 -1.23467E+02 -4.37384E+01 -8.82308E+00 -2.26191E+01  4.49688E+01  3.95449E+00 -3.86561E+01  1.82412E+01  2.96176E-01  1.28481E+02  1.96717E+01 -5.61763E+01 -6.02997E+01  4.18529E+01 -5.86235E+00 -3.56258E+00  2.25845E+01 -4.77010E+01 -3.52775E+01  1.72200E+01 -3.54818E+00 -4.17922E+01 -6.00691E+01  1.34824E+01  5.93133E+01  2.62950E+01  2.51123E+01 -2.96850E+01 -6.18093E+01 -1.01949E+01  0.00000E+00  0.00000E+00  0.00000E+00  0.00000E+00  0.00000E+00  0.00000E+00  0.00000E+00  0.00000E+00  0.00000E+00  0.00000E+00  0.00000E+00  0.00000E+00  0.00000E+00  0.00000E+00  0.00000E+00  0.00000E+00  0.00000E+00  0.00000E+00  0.00000E+00  0.00000E+00  0.00000E+00  0.00000E+00  0.00000E+00  0.00000E+00  0.00000E+00  0.00000E+00  0.00000E+00  0.00000E+00  0.00000E+00  0.00000E+00
 OMEGA(2,1)    8.57441E+00  2.42309E+01  5.35226E+00  9.90823E+00 -1.27678E+00  4.87182E-01 -3.35928E+01  1.27773E+01  5.39294E-01 -2.35093E+01  8.69718E-01  0.00000E+00  0.00000E+00  0.00000E+00  0.00000E+00  1.83934E+01  5.31936E+02  7.15053E+01  2.68427E+01 -5.61114E+01 -4.88444E+01  1.20831E+02 -7.72904E+01 -2.90416E+01 -1.00971E+01  7.63877E+01  8.08509E+01 -7.44177E+00  4.12124E+00  1.81924E+01 -1.34270E+02  1.29604E+02  5.35364E+01  4.73345E+01  7.00424E+01 -3.13319E+01 -2.50235E+02 -7.54937E+01  8.29822E+01  2.97661E+01 -1.10784E+02 -8.95325E+01  3.97263E+01 -5.64290E+01 -9.72990E+01  2.46812E-01  1.19380E+01  6.82992E+00  4.01999E+01  3.26435E+01  2.09663E+00  0.00000E+00  0.00000E+00  0.00000E+00  0.00000E+00  0.00000E+00  0.00000E+00  0.00000E+00  0.00000E+00  0.00000E+00  0.00000E+00  0.00000E+00  0.00000E+00  0.00000E+00  0.00000E+00  0.00000E+00  0.00000E+00  0.00000E+00  0.00000E+00  0.00000E+00  0.00000E+00  0.00000E+00  0.00000E+00  0.00000E+00  0.00000E+00  0.00000E+00  0.00000E+00  0.00000E+00  0.00000E+00  0.00000E+00  0.00000E+00
 OMEGA(2,2)    8.37857E-01 -2.26870E-01 -1.17069E+00 -8.52687E+00  3.25353E+00  1.40029E+01 -5.06457E+00  1.02258E+01 -1.62682E+01  1.32824E+01 -1.77110E+01  0.00000E+00  0.00000E+00  0.00000E+00  0.00000E+00 -1.39178E+01  7.15053E+01  1.90578E+02 -1.50718E+01  1.04505E+01 -1.96247E+01  2.60730E+01  1.07086E+02  2.44732E+01 -5.13783E-01  3.67367E+01  3.70316E+01 -1.73265E+01 -1.61418E+01 -1.79100E+01  1.60940E+01 -5.46759E+01  8.35062E+00 -4.04582E+01 -4.29436E+01  1.50948E+00 -3.23573E+01 -1.34824E+02  1.52977E+01 -2.54567E+01 -3.34175E+01  1.76169E+01  4.83023E+01 -4.67625E+00  1.47246E+01  1.58786E+01  3.55817E+01  6.20276E+01 -5.93246E+01  1.31308E+01 -2.64538E+01  0.00000E+00  0.00000E+00  0.00000E+00  0.00000E+00  0.00000E+00  0.00000E+00  0.00000E+00  0.00000E+00  0.00000E+00  0.00000E+00  0.00000E+00  0.00000E+00  0.00000E+00  0.00000E+00  0.00000E+00  0.00000E+00  0.00000E+00  0.00000E+00  0.00000E+00  0.00000E+00  0.00000E+00  0.00000E+00  0.00000E+00  0.00000E+00  0.00000E+00  0.00000E+00  0.00000E+00  0.00000E+00  0.00000E+00  0.00000E+00
 OMEGA(3,1)   -3.21971E+01 -2.50299E+01  4.05738E+00 -3.86378E+01 -1.77831E+01 -1.51650E+01  2.41470E+01  1.44141E+00 -2.48165E+00  4.40242E+01  2.61035E+01  0.00000E+00  0.00000E+00  0.00000E+00  0.00000E+00 -6.57837E+01  2.68427E+01 -1.50718E+01  9.32817E+02  1.02321E+00  9.39037E+01 -6.11878E+01 -4.23914E+01 -2.93837E+02  2.71643E+01 -2.21290E+02 -9.29276E+01 -1.29778E+02  4.47191E+01 -5.64855E+01 -7.31455E+01 -7.90866E+01  2.24689E+01 -6.18017E+01  5.94532E+01  6.16527E+01  1.26627E+02 -5.16107E+00 -9.35586E+01 -7.07288E+01  5.64746E+01 -1.30232E+01 -1.51666E+01 -1.05919E+02 -1.39384E+02 -3.19049E+02  4.12492E+01  1.47730E+02  4.62705E+01 -3.61179E+00 -1.15974E+01  0.00000E+00  0.00000E+00  0.00000E+00  0.00000E+00  0.00000E+00  0.00000E+00  0.00000E+00  0.00000E+00  0.00000E+00  0.00000E+00  0.00000E+00  0.00000E+00  0.00000E+00  0.00000E+00  0.00000E+00  0.00000E+00  0.00000E+00  0.00000E+00  0.00000E+00  0.00000E+00  0.00000E+00  0.00000E+00  0.00000E+00  0.00000E+00  0.00000E+00  0.00000E+00  0.00000E+00  0.00000E+00  0.00000E+00  0.00000E+00
 OMEGA(3,2)    1.36282E+01  6.17001E+00  3.57162E+00  1.37134E+01 -1.31075E+01  2.11771E+01  1.31640E+01  9.10122E+00  7.33379E+00  2.97556E+01  1.33695E+01  0.00000E+00  0.00000E+00  0.00000E+00  0.00000E+00  7.43808E+00 -5.61114E+01  1.04505E+01  1.02321E+00  5.90644E+02  2.88498E+01 -8.19059E+00  9.89946E+01  2.91964E+02  2.13813E+01 -1.27444E+02 -2.36295E+02  2.26627E+01 -1.69108E+00 -1.18049E+01 -7.50713E+01 -5.81192E+01 -2.65842E+02  8.34433E+00  6.75088E+00  8.97091E+00  3.05404E+01  8.65385E+01 -2.43526E+02 -4.42359E+00  1.85478E+02 -4.53427E-01 -5.58528E+01 -4.14518E+01 -8.46968E+01 -2.92880E+01  1.25083E+00 -9.50928E+01 -5.19054E+01  6.45722E+01  1.36607E+01  0.00000E+00  0.00000E+00  0.00000E+00  0.00000E+00  0.00000E+00  0.00000E+00  0.00000E+00  0.00000E+00  0.00000E+00  0.00000E+00  0.00000E+00  0.00000E+00  0.00000E+00  0.00000E+00  0.00000E+00  0.00000E+00  0.00000E+00  0.00000E+00  0.00000E+00  0.00000E+00  0.00000E+00  0.00000E+00  0.00000E+00  0.00000E+00  0.00000E+00  0.00000E+00  0.00000E+00  0.00000E+00  0.00000E+00  0.00000E+00
 OMEGA(3,3)   -2.68073E+00 -2.51828E+00 -1.78016E+01 -8.17620E+00  1.22621E+01 -1.65731E+01  3.83418E+00 -1.42617E+01  1.69131E+01  5.80200E+01 -7.76520E+00  0.00000E+00  0.00000E+00  0.00000E+00  0.00000E+00 -2.79009E+01 -4.88444E+01 -1.96247E+01  9.39037E+01  2.88498E+01  3.66512E+02 -1.68697E+01  3.46119E+01  1.03655E+02 -2.08211E+01 -5.38396E+01  7.13323E+00 -9.28355E-02  9.85997E+00 -7.96902E+01 -5.71566E+01 -7.50510E+01  5.17552E+01 -3.45683E+01 -4.88072E+01  2.07447E+01 -6.40334E-01 -2.31293E+01 -3.24831E+01  9.44621E+00  8.61176E+01  6.65807E+01 -9.58525E+00  2.00458E+00  2.27430E+00 -1.72284E+02  2.22239E+01 -6.40487E+01  7.61377E+01 -3.97394E+01  2.67189E+01  0.00000E+00  0.00000E+00  0.00000E+00  0.00000E+00  0.00000E+00  0.00000E+00  0.00000E+00  0.00000E+00  0.00000E+00  0.00000E+00  0.00000E+00  0.00000E+00  0.00000E+00  0.00000E+00  0.00000E+00  0.00000E+00  0.00000E+00  0.00000E+00  0.00000E+00  0.00000E+00  0.00000E+00  0.00000E+00  0.00000E+00  0.00000E+00  0.00000E+00  0.00000E+00  0.00000E+00  0.00000E+00  0.00000E+00  0.00000E+00
 OMEGA(4,1)   -5.58048E+00  1.61045E+01  1.21938E+01  1.59552E+01 -1.06921E+01  5.31521E+00  4.61341E+00 -1.60557E-01  2.31842E+01  1.24378E+01  3.36555E+01  0.00000E+00  0.00000E+00  0.00000E+00  0.00000E+00 -1.23467E+02  1.20831E+02  2.60730E+01 -6.11878E+01 -8.19059E+00 -1.68697E+01  3.69784E+02  2.73539E+01  3.90587E+01 -1.31596E+01  5.26645E+01  4.33578E+01 -7.84448E-01 -3.67045E+01  2.86291E+01 -1.26458E+02 -3.59857E+00 -2.36005E+01  1.36211E+02  2.20437E+01 -7.35818E+00 -1.14147E+02 -5.94105E+01  3.00814E+01  1.04004E+02 -5.59908E+01  4.40217E+01  4.83392E+01 -5.84176E+01 -5.64037E+00  3.78836E+01 -8.04683E+01  1.73508E+01 -1.73442E-01  4.73174E+01 -2.11098E+01  0.00000E+00  0.00000E+00  0.00000E+00  0.00000E+00  0.00000E+00  0.00000E+00  0.00000E+00  0.00000E+00  0.00000E+00  0.00000E+00  0.00000E+00  0.00000E+00  0.00000E+00  0.00000E+00  0.00000E+00  0.00000E+00  0.00000E+00  0.00000E+00  0.00000E+00  0.00000E+00  0.00000E+00  0.00000E+00  0.00000E+00  0.00000E+00  0.00000E+00  0.00000E+00  0.00000E+00  0.00000E+00  0.00000E+00  0.00000E+00
 OMEGA(4,2)   -4.99664E+00  7.49265E+00 -5.61848E+00 -1.44211E+00 -1.37080E+01  3.16089E+00  1.06416E+01  1.81212E+01 -1.19426E+01  1.97036E+01 -3.99319E+00  0.00000E+00  0.00000E+00  0.00000E+00  0.00000E+00 -4.37384E+01 -7.72904E+01  1.07086E+02 -4.23914E+01  9.89946E+01  3.46119E+01  2.73539E+01  3.49538E+02  9.54080E+01  8.22856E+01  2.70753E+01 -7.34123E+01  2.00680E+01 -1.00473E+01 -1.21391E+01  3.82373E+01 -4.96606E+01 -6.29455E+01 -4.92433E+01 -5.91066E+01 -1.16407E+01  6.98979E+01  2.25568E+01 -7.96093E+01 -9.64360E+01  9.22304E+01 -6.94040E+00 -3.28430E+01  7.23356E+01  2.90458E+00 -6.02813E+00  7.71500E-02 -4.26670E+01 -7.37504E+01  1.03482E+01 -9.53294E-01  0.00000E+00  0.00000E+00  0.00000E+00  0.00000E+00  0.00000E+00  0.00000E+00  0.00000E+00  0.00000E+00  0.00000E+00  0.00000E+00  0.00000E+00  0.00000E+00  0.00000E+00  0.00000E+00  0.00000E+00  0.00000E+00  0.00000E+00  0.00000E+00  0.00000E+00  0.00000E+00  0.00000E+00  0.00000E+00  0.00000E+00  0.00000E+00  0.00000E+00  0.00000E+00  0.00000E+00  0.00000E+00  0.00000E+00  0.00000E+00
 OMEGA(4,3)   -5.02351E-01  1.60646E+01  1.88014E+00  1.00080E+01 -2.17865E+00  6.48144E+00 -1.77209E+00  4.19464E+00 -5.18798E+00  5.04983E+01  5.41088E+00  0.00000E+00  0.00000E+00  0.00000E+00  0.00000E+00 -8.82308E+00 -2.90416E+01  2.44732E+01 -2.93837E+02  2.91964E+02  1.03655E+02  3.90587E+01  9.54080E+01  5.98937E+02 -3.08760E+01 -7.40218E-01 -2.27335E+01  1.05720E+02 -1.08395E+02 -1.86571E+01 -6.96155E+01  2.03919E+01 -6.92573E+01  7.36604E+00 -9.33090E+01 -2.71319E+01 -7.77245E+01  4.15957E+01 -1.98077E+00  7.49625E+01  4.98978E+01 -1.76927E+01 -1.11213E+01  3.66677E+01  3.40255E+01  1.12296E+01 -1.04659E+02 -1.81389E+02 -2.90183E+01  4.99679E+01  3.33675E+01  0.00000E+00  0.00000E+00  0.00000E+00  0.00000E+00  0.00000E+00  0.00000E+00  0.00000E+00  0.00000E+00  0.00000E+00  0.00000E+00  0.00000E+00  0.00000E+00  0.00000E+00  0.00000E+00  0.00000E+00  0.00000E+00  0.00000E+00  0.00000E+00  0.00000E+00  0.00000E+00  0.00000E+00  0.00000E+00  0.00000E+00  0.00000E+00  0.00000E+00  0.00000E+00  0.00000E+00  0.00000E+00  0.00000E+00  0.00000E+00
 OMEGA(4,4)   -8.80621E-02 -3.33358E+00 -1.57770E+00  1.62469E+01 -9.25142E+00  1.33350E+01 -4.95605E-01  2.94384E+00 -4.98327E+00  2.79919E+00  3.54455E-01  0.00000E+00  0.00000E+00  0.00000E+00  0.00000E+00 -2.26191E+01 -1.00971E+01 -5.13783E-01  2.71643E+01  2.13813E+01 -2.08211E+01 -1.31596E+01  8.22856E+01 -3.08760E+01  1.00024E+02 -5.54673E+00 -6.21894E+01  1.14157E+01 -7.50026E+00 -3.58470E+00  2.90425E+01  2.01793E+01 -3.12682E+01 -5.48682E+01  2.80477E+01 -1.88561E+01  7.65713E+01  6.20003E+01 -7.38459E+00 -3.14363E+01  5.83015E+01 -4.29177E+01 -5.23298E+01  4.26547E+01 -2.57723E+01 -2.60496E+01 -6.03512E+01 -3.97513E+01 -1.39740E+01 -2.03257E+01  8.09598E+00  0.00000E+00  0.00000E+00  0.00000E+00  0.00000E+00  0.00000E+00  0.00000E+00  0.00000E+00  0.00000E+00  0.00000E+00  0.00000E+00  0.00000E+00  0.00000E+00  0.00000E+00  0.00000E+00  0.00000E+00  0.00000E+00  0.00000E+00  0.00000E+00  0.00000E+00  0.00000E+00  0.00000E+00  0.00000E+00  0.00000E+00  0.00000E+00  0.00000E+00  0.00000E+00  0.00000E+00  0.00000E+00  0.00000E+00  0.00000E+00
 OMEGA(5,1)    1.72442E+01  5.04185E+00 -1.86126E+00  2.58512E+00  1.34015E+01  1.33165E+01 -5.82687E+00  2.53576E+01 -2.79311E+01 -5.16932E+01  1.65696E+01  0.00000E+00  0.00000E+00  0.00000E+00  0.00000E+00  4.49688E+01  7.63877E+01  3.67367E+01 -2.21290E+02 -1.27444E+02 -5.38396E+01  5.26645E+01  2.70753E+01 -7.40218E-01 -5.54673E+00  9.27468E+02  1.42374E+02  4.05861E+01 -1.73607E+02 -1.43915E+00  1.32911E+02  7.13269E+01  1.50720E+02  3.46128E+01  8.42729E+01 -1.49137E+01 -1.51703E+02 -1.43408E+02  7.96077E+01 -8.44008E-01 -1.83035E+02 -4.95947E+01  5.60375E+01  1.43095E+02  4.95827E+00  7.62984E+01  2.02002E+01 -2.33221E+02 -1.03746E+02  3.44365E+00 -1.59676E+01  0.00000E+00  0.00000E+00  0.00000E+00  0.00000E+00  0.00000E+00  0.00000E+00  0.00000E+00  0.00000E+00  0.00000E+00  0.00000E+00  0.00000E+00  0.00000E+00  0.00000E+00  0.00000E+00  0.00000E+00  0.00000E+00  0.00000E+00  0.00000E+00  0.00000E+00  0.00000E+00  0.00000E+00  0.00000E+00  0.00000E+00  0.00000E+00  0.00000E+00  0.00000E+00  0.00000E+00  0.00000E+00  0.00000E+00  0.00000E+00
 OMEGA(5,2)    2.08869E+00 -3.18648E+00  1.55240E+00 -2.25906E+01  1.27136E+01 -2.53198E+00 -1.59638E+01  1.36741E+00 -1.95804E+00 -6.88479E+01 -2.90728E+01  0.00000E+00  0.00000E+00  0.00000E+00  0.00000E+00  3.95449E+00  8.08509E+01  3.70316E+01 -9.29276E+01 -2.36295E+02  7.13323E+00  4.33578E+01 -7.34123E+01 -2.27335E+01 -6.21894E+01  1.42374E+02  6.37222E+02 -1.13650E+01  1.83948E+02  8.03270E+00 -1.47902E+01 -1.80591E+01  1.36588E+02 -6.75582E+00 -1.32616E+02  2.23429E+01 -1.32671E+02 -1.59944E+02  1.80683E+02  1.92660E+01 -2.47331E+02  2.58579E+01  1.07055E+02 -7.05362E+01  1.48640E+02  4.73330E+01  9.65692E+01  6.97138E+01 -1.21380E+01  1.16162E+01  3.47730E+01  0.00000E+00  0.00000E+00  0.00000E+00  0.00000E+00  0.00000E+00  0.00000E+00  0.00000E+00  0.00000E+00  0.00000E+00  0.00000E+00  0.00000E+00  0.00000E+00  0.00000E+00  0.00000E+00  0.00000E+00  0.00000E+00  0.00000E+00  0.00000E+00  0.00000E+00  0.00000E+00  0.00000E+00  0.00000E+00  0.00000E+00  0.00000E+00  0.00000E+00  0.00000E+00  0.00000E+00  0.00000E+00  0.00000E+00  0.00000E+00
 OMEGA(5,3)   -2.86291E+00  1.37165E+00  8.27579E+00  1.54584E+01 -4.28264E+00  6.13974E+00 -9.59313E+00 -7.70095E+00  8.58779E+00 -1.05235E+00  1.72853E+01  0.00000E+00  0.00000E+00  0.00000E+00  0.00000E+00 -3.86561E+01 -7.44177E+00 -1.73265E+01 -1.29778E+02  2.26627E+01 -9.28355E-02 -7.84448E-01  2.00680E+01  1.05720E+02  1.14157E+01  4.05861E+01 -1.13650E+01  5.03616E+02 -6.58419E+01 -1.28581E+02  5.40600E+01  9.29366E+00  4.01740E+01 -1.19252E+01 -6.98700E+00  4.13756E+01  2.23933E+01  6.38978E+01  2.97359E+01  2.82205E+01  4.48945E+01  1.05522E+01 -9.22870E+00  5.65600E+01  2.60624E+01  6.41805E+01 -4.47638E+01 -2.48541E+02  1.21034E+01  4.62977E+01  1.62309E+01  0.00000E+00  0.00000E+00  0.00000E+00  0.00000E+00  0.00000E+00  0.00000E+00  0.00000E+00  0.00000E+00  0.00000E+00  0.00000E+00  0.00000E+00  0.00000E+00  0.00000E+00  0.00000E+00  0.00000E+00  0.00000E+00  0.00000E+00  0.00000E+00  0.00000E+00  0.00000E+00  0.00000E+00  0.00000E+00  0.00000E+00  0.00000E+00  0.00000E+00  0.00000E+00  0.00000E+00  0.00000E+00  0.00000E+00  0.00000E+00
 OMEGA(5,4)    1.99470E+01 -1.11330E+00 -1.37489E+01 -2.94571E+01  4.93732E+00 -1.73189E+01  5.39379E+00 -8.09546E-01  7.77435E+00 -2.86401E+01 -5.64930E+00  0.00000E+00  0.00000E+00  0.00000E+00  0.00000E+00  1.82412E+01  4.12124E+00 -1.61418E+01  4.47191E+01 -1.69108E+00  9.85997E+00 -3.67045E+01 -1.00473E+01 -1.08395E+02 -7.50026E+00 -1.73607E+02  1.83948E+02 -6.58419E+01  4.97088E+02  7.29398E+01 -4.77267E+01 -1.07828E+02 -5.22299E+01  2.60255E+01 -6.24234E+01 -4.05949E+01 -2.68372E+00 -2.40901E+01  1.16466E+01 -3.45225E+01  5.89241E+01 -1.51158E+01 -5.90614E+00 -2.19439E+01  1.73134E+01 -1.35392E+02  7.09152E+01 -1.61577E+01  7.44981E+01  1.38580E+00  4.19518E+01  0.00000E+00  0.00000E+00  0.00000E+00  0.00000E+00  0.00000E+00  0.00000E+00  0.00000E+00  0.00000E+00  0.00000E+00  0.00000E+00  0.00000E+00  0.00000E+00  0.00000E+00  0.00000E+00  0.00000E+00  0.00000E+00  0.00000E+00  0.00000E+00  0.00000E+00  0.00000E+00  0.00000E+00  0.00000E+00  0.00000E+00  0.00000E+00  0.00000E+00  0.00000E+00  0.00000E+00  0.00000E+00  0.00000E+00  0.00000E+00
 OMEGA(5,5)   -2.08963E+00  1.65275E+01  1.53842E+01 -4.35901E+00 -1.50527E+01  1.03566E+01  1.33219E+01 -5.77597E+00 -2.51513E+01  1.62468E+01  1.24423E+01  0.00000E+00  0.00000E+00  0.00000E+00  0.00000E+00  2.96176E-01  1.81924E+01 -1.79100E+01 -5.64855E+01 -1.18049E+01 -7.96902E+01  2.86291E+01 -1.21391E+01 -1.86571E+01 -3.58470E+00 -1.43915E+00  8.03270E+00 -1.28581E+02  7.29398E+01  3.65761E+02  7.00656E+00  1.30175E+01 -2.43584E+01  6.20884E+01  1.05517E+02 -8.31430E+01 -4.98526E+01  4.94570E+01 -3.19843E+01  4.05258E+01 -1.23812E+02 -8.55960E+01 -4.10351E+01 -2.27858E+01  1.92032E+01 -2.30435E+01 -1.82137E+01  1.00007E+02 -1.23532E+00 -4.15198E+01  2.98934E+01  0.00000E+00  0.00000E+00  0.00000E+00  0.00000E+00  0.00000E+00  0.00000E+00  0.00000E+00  0.00000E+00  0.00000E+00  0.00000E+00  0.00000E+00  0.00000E+00  0.00000E+00  0.00000E+00  0.00000E+00  0.00000E+00  0.00000E+00  0.00000E+00  0.00000E+00  0.00000E+00  0.00000E+00  0.00000E+00  0.00000E+00  0.00000E+00  0.00000E+00  0.00000E+00  0.00000E+00  0.00000E+00  0.00000E+00  0.00000E+00
 OMEGA(6,1)   -2.55614E+01 -2.11509E+00  3.63672E+01 -2.58992E+00 -4.89883E+01  7.25928E+01  6.86024E+00 -2.28662E-01 -2.25371E+01  1.70845E+01  7.67771E+00  0.00000E+00  0.00000E+00  0.00000E+00  0.00000E+00  1.28481E+02 -1.34270E+02  1.60940E+01 -7.31455E+01 -7.50713E+01 -5.71566E+01 -1.26458E+02  3.82373E+01 -6.96155E+01  2.90425E+01  1.32911E+02 -1.47902E+01  5.40600E+01 -4.77267E+01  7.00656E+00  9.76950E+02  1.17837E+02  2.49376E+01 -1.93000E+02  4.22451E+01  1.48716E+02  2.00855E+02  3.83603E+01  1.25729E+01 -2.47226E+01 -1.61797E+01  3.90445E+01 -1.16108E+01  5.65761E+01  7.45207E+01  3.06680E+01 -4.79364E+01 -5.71046E+01 -2.55202E+02 -4.85051E+00 -4.95859E+01  0.00000E+00  0.00000E+00  0.00000E+00  0.00000E+00  0.00000E+00  0.00000E+00  0.00000E+00  0.00000E+00  0.00000E+00  0.00000E+00  0.00000E+00  0.00000E+00  0.00000E+00  0.00000E+00  0.00000E+00  0.00000E+00  0.00000E+00  0.00000E+00  0.00000E+00  0.00000E+00  0.00000E+00  0.00000E+00  0.00000E+00  0.00000E+00  0.00000E+00  0.00000E+00  0.00000E+00  0.00000E+00  0.00000E+00  0.00000E+00
 OMEGA(6,2)    9.73550E+00  1.71686E+01  2.83517E+00  3.29837E+01  6.35441E+00  2.83660E+01 -1.53031E+01  2.27069E+01 -1.15297E+01 -2.50756E+01  3.69543E+00  0.00000E+00  0.00000E+00  0.00000E+00  0.00000E+00  1.96717E+01  1.29604E+02 -5.46759E+01 -7.90866E+01 -5.81192E+01 -7.50510E+01 -3.59857E+00 -4.96606E+01  2.03919E+01  2.01793E+01  7.13269E+01 -1.80591E+01  9.29366E+00 -1.07828E+02  1.30175E+01  1.17837E+02  7.66185E+02  1.42278E+02  1.98542E+02  3.40800E+01 -1.14922E+02 -2.35296E+01  2.42878E+02 -1.03296E+01  3.55450E+01 -2.68683E+01 -2.14533E+02 -9.98239E+01  1.20599E+02 -1.15208E+01 -1.73942E-01 -1.50304E+02 -4.94495E+01 -9.59222E+01 -4.59999E+01  4.52221E+01  0.00000E+00  0.00000E+00  0.00000E+00  0.00000E+00  0.00000E+00  0.00000E+00  0.00000E+00  0.00000E+00  0.00000E+00  0.00000E+00  0.00000E+00  0.00000E+00  0.00000E+00  0.00000E+00  0.00000E+00  0.00000E+00  0.00000E+00  0.00000E+00  0.00000E+00  0.00000E+00  0.00000E+00  0.00000E+00  0.00000E+00  0.00000E+00  0.00000E+00  0.00000E+00  0.00000E+00  0.00000E+00  0.00000E+00  0.00000E+00
 OMEGA(6,3)   -2.08064E+01 -1.65934E+01 -5.20890E+01 -1.74292E+01  5.12060E+01 -1.01435E+01 -1.02420E+01  4.54131E+00 -2.02866E+01 -3.87398E+01 -3.22247E-01  0.00000E+00  0.00000E+00  0.00000E+00  0.00000E+00 -5.61763E+01  5.35364E+01  8.35062E+00  2.24689E+01 -2.65842E+02  5.17552E+01 -2.36005E+01 -6.29455E+01 -6.92573E+01 -3.12682E+01  1.50720E+02  1.36588E+02  4.01740E+01 -5.22299E+01 -2.43584E+01  2.49376E+01  1.42278E+02  1.10123E+03  4.39594E+01 -1.45588E+02 -2.11973E+01 -1.11742E+02 -1.47672E+02  1.99613E+02 -3.36668E+01 -1.56121E+02  3.11405E+01  7.17790E+01  6.06320E+01  1.90383E+01  2.14434E+00  6.47412E+01  9.03293E+01 -4.87998E+01 -2.56580E+01 -3.55774E+01  0.00000E+00  0.00000E+00  0.00000E+00  0.00000E+00  0.00000E+00  0.00000E+00  0.00000E+00  0.00000E+00  0.00000E+00  0.00000E+00  0.00000E+00  0.00000E+00  0.00000E+00  0.00000E+00  0.00000E+00  0.00000E+00  0.00000E+00  0.00000E+00  0.00000E+00  0.00000E+00  0.00000E+00  0.00000E+00  0.00000E+00  0.00000E+00  0.00000E+00  0.00000E+00  0.00000E+00  0.00000E+00  0.00000E+00  0.00000E+00
 OMEGA(6,4)    1.52294E+01 -3.34793E-01 -5.75489E+00  8.92236E-01  8.48763E+00  7.83866E+00  3.80112E+01  6.64735E+00  7.13483E+00 -2.31326E+01  5.18832E+01  0.00000E+00  0.00000E+00  0.00000E+00  0.00000E+00 -6.02997E+01  4.73345E+01 -4.04582E+01 -6.18017E+01  8.34433E+00 -3.45683E+01  1.36211E+02 -4.92433E+01  7.36604E+00 -5.48682E+01  3.46128E+01 -6.75582E+00 -1.19252E+01  2.60255E+01  6.20884E+01 -1.93000E+02  1.98542E+02  4.39594E+01  5.63428E+02 -9.75169E+01 -8.36514E+01 -1.07524E+02 -2.43232E+01 -5.93736E+01  4.90177E+01 -7.07044E+01  9.74992E+01  1.93136E+01  6.55856E+00 -2.09385E+01 -3.92877E+01  8.78877E+00 -1.41586E+01 -5.18683E+00  3.91163E+01  2.65227E+01  0.00000E+00  0.00000E+00  0.00000E+00  0.00000E+00  0.00000E+00  0.00000E+00  0.00000E+00  0.00000E+00  0.00000E+00  0.00000E+00  0.00000E+00  0.00000E+00  0.00000E+00  0.00000E+00  0.00000E+00  0.00000E+00  0.00000E+00  0.00000E+00  0.00000E+00  0.00000E+00  0.00000E+00  0.00000E+00  0.00000E+00  0.00000E+00  0.00000E+00  0.00000E+00  0.00000E+00  0.00000E+00  0.00000E+00  0.00000E+00
 OMEGA(6,5)    8.42174E+00  1.16686E+01  4.26596E+01  1.81856E+01 -4.35674E+01  1.29097E+01 -2.19450E+01 -2.17705E+01  7.35414E-01  8.09915E+01  1.03469E+01  0.00000E+00  0.00000E+00  0.00000E+00  0.00000E+00  4.18529E+01  7.00424E+01 -4.29436E+01  5.94532E+01  6.75088E+00 -4.88072E+01  2.20437E+01 -5.91066E+01 -9.33090E+01  2.80477E+01  8.42729E+01 -1.32616E+02 -6.98700E+00 -6.24234E+01  1.05517E+02  4.22451E+01  3.40800E+01 -1.45588E+02 -9.75169E+01  8.52593E+02  9.04482E+01 -3.73813E+01  5.32463E+01 -2.45522E+01  2.33612E+01 -1.71751E+01 -1.14925E+02 -9.54280E+00 -6.70270E+01 -9.55782E+01  6.10424E+01 -5.03960E+01  5.99573E+01  2.05153E+02 -5.05996E+00 -1.64351E+01  0.00000E+00  0.00000E+00  0.00000E+00  0.00000E+00  0.00000E+00  0.00000E+00  0.00000E+00  0.00000E+00  0.00000E+00  0.00000E+00  0.00000E+00  0.00000E+00  0.00000E+00  0.00000E+00  0.00000E+00  0.00000E+00  0.00000E+00  0.00000E+00  0.00000E+00  0.00000E+00  0.00000E+00  0.00000E+00  0.00000E+00  0.00000E+00  0.00000E+00  0.00000E+00  0.00000E+00  0.00000E+00  0.00000E+00  0.00000E+00
 OMEGA(6,6)   -1.58855E+01 -1.60659E+01  1.53394E+01 -2.20086E+00 -9.48941E+00 -6.81681E+00 -2.55853E+00 -2.52344E+01  3.29731E+01  4.71849E+00  1.52458E+01  0.00000E+00  0.00000E+00  0.00000E+00  0.00000E+00 -5.86235E+00 -3.13319E+01  1.50948E+00  6.16527E+01  8.97091E+00  2.07447E+01 -7.35818E+00 -1.16407E+01 -2.71319E+01 -1.88561E+01 -1.49137E+01  2.23429E+01  4.13756E+01 -4.05949E+01 -8.31430E+01  1.48716E+02 -1.14922E+02 -2.11973E+01 -8.36514E+01  9.04482E+01  4.49437E+02  4.60611E+01 -3.99391E+01  6.49964E+01  4.08959E+01  1.20822E+00  1.39506E+02  3.34983E+01 -4.46834E+01 -5.35220E+00 -2.73640E+00  2.55678E+01  3.41099E+01  1.48142E+02  5.99570E+01 -2.04389E+01  0.00000E+00  0.00000E+00  0.00000E+00  0.00000E+00  0.00000E+00  0.00000E+00  0.00000E+00  0.00000E+00  0.00000E+00  0.00000E+00  0.00000E+00  0.00000E+00  0.00000E+00  0.00000E+00  0.00000E+00  0.00000E+00  0.00000E+00  0.00000E+00  0.00000E+00  0.00000E+00  0.00000E+00  0.00000E+00  0.00000E+00  0.00000E+00  0.00000E+00  0.00000E+00  0.00000E+00  0.00000E+00  0.00000E+00  0.00000E+00
