TABLE NO.     1: NUTS Bayesian Analysis: Problem=1 Subproblem=0 Superproblem1=0 Iteration1=0 Superproblem2=0 Iteration2=0
 NAME         THETA1       THETA2       THETA3       THETA4       THETA5       THETA6       THETA7       THETA8       THETA9       THETA10      THETA11      THETA12      SIGMA(1,1)   SIGMA(2,1)   SIGMA(2,2)   OMEGA(1,1)   OMEGA(2,1)   OMEGA(2,2)   OMEGA(3,1)   OMEGA(3,2)   OMEGA(3,3)   OMEGA(4,1)   OMEGA(4,2)   OMEGA(4,3)   OMEGA(4,4)   OMEGA(5,1)   OMEGA(5,2)   OMEGA(5,3)   OMEGA(5,4)   OMEGA(5,5)   OMEGA(6,1)   OMEGA(6,2)   OMEGA(6,3)   OMEGA(6,4)   OMEGA(6,5)   OMEGA(6,6)   OMEGA(7,1)   OMEGA(7,2)   OMEGA(7,3)   OMEGA(7,4)   OMEGA(7,5)   OMEGA(7,6)   OMEGA(7,7)   OMEGA(8,1)   OMEGA(8,2)   OMEGA(8,3)   OMEGA(8,4)   OMEGA(8,5)   OMEGA(8,6)   OMEGA(8,7)   OMEGA(8,8)   OMEGA(9,1)   OMEGA(9,2)   OMEGA(9,3)   OMEGA(9,4)   OMEGA(9,5)   OMEGA(9,6)   OMEGA(9,7)   OMEGA(9,8)   OMEGA(9,9)   OMEGA(10,1)  OMEGA(10,2)  OMEGA(10,3)  OMEGA(10,4)  OMEGA(10,5)  OMEGA(10,6)  OMEGA(10,7)  OMEGA(10,8)  OMEGA(10,9)  OMEGA(10,10) OMEGA(11,1)  OMEGA(11,2)  OMEGA(11,3)  OMEGA(11,4)  OMEGA(11,5)  OMEGA(11,6)  OMEGA(11,7)  OMEGA(11,8)  OMEGA(11,9)  OMEGA(11,10) OMEGA(11,11)
 THETA1        6.65491E+01  6.03122E+00 -5.79264E+00 -1.32506E+01 -3.24205E+00 -2.42457E+00 -1.00785E+01 -7.35724E+00 -2.83618E-01  2.16428E+00 -7.92785E+00  0.00000E+00  0.00000E+00  0.00000E+00  0.00000E+00  6.99213E+00  2.39185E+01  6.30123E+00  3.84768E-01  2.06806E+01  2.37909E+01  1.18392E+01 -1.30128E+01  1.45885E+01 -1.40778E+00 -1.62560E+01  4.49162E+00 -2.17365E+01  1.65269E+01  1.03093E+00  2.58142E+01  1.58207E+01 -1.70774E+01  5.69673E+00  4.69675E+00  1.16787E+01  4.75507E+01  7.08052E+00 -3.00159E+01 -1.46135E+01  2.27593E+01  1.05012E+01 -1.66354E+01 -1.16691E+01  5.92933E+00  8.79484E+00  1.10679E+01  4.12090E+00 -1.27665E+01  1.20725E+01  1.90145E+00  0.00000E+00  0.00000E+00  0.00000E+00  0.00000E+00  0.00000E+00  0.00000E+00  0.00000E+00  0.00000E+00  0.00000E+00  0.00000E+00  0.00000E+00  0.00000E+00  0.00000E+00  0.00000E+00  0.00000E+00  0.00000E+00  0.00000E+00  0.00000E+00  0.00000E+00  0.00000E+00  0.00000E+00  0.00000E+00  0.00000E+00  0.00000E+00  0.00000E+00  0.00000E+00  0.00000E+00  0.00000E+00  0.00000E+00  0.00000E+00
 THETA2        6.03122E+00  5.52843E+01  1.69330E+00  9.58006E+00 -1.49461E+00 -1.65178E+01 -2.42390E+01  8.68745E+00 -6.23109E+00  1.70442E+01  4.09424E+00  0.00000E+00  0.00000E+00  0.00000E+00  0.00000E+00  1.08471E+01  4.13477E+00  2.30613E+01  1.26953E+01  1.00654E+00 -4.37219E-01 -1.25494E+01  2.58465E+01 -1.50320E+01  1.31083E+01 -1.27393E+01 -3.59447E+00  2.07417E+01  5.00666E+00 -5.62339E+00  2.76655E-01 -2.30762E+01 -4.78873E+00 -1.20992E+01 -1.43157E+01  8.87911E+00 -1.47629E+01  2.10496E-01 -1.38676E+01 -5.38337E+00 -2.77205E+00  3.08264E+00  8.54761E+00  1.10919E+00  3.85505E+01  5.77767E+00  2.20835E+01 -2.72217E+01 -8.58132E+00  1.33373E+01 -2.19628E+01  0.00000E+00  0.00000E+00  0.00000E+00  0.00000E+00  0.00000E+00  0.00000E+00  0.00000E+00  0.00000E+00  0.00000E+00  0.00000E+00  0.00000E+00  0.00000E+00  0.00000E+00  0.00000E+00  0.00000E+00  0.00000E+00  0.00000E+00  0.00000E+00  0.00000E+00  0.00000E+00  0.00000E+00  0.00000E+00  0.00000E+00  0.00000E+00  0.00000E+00  0.00000E+00  0.00000E+00  0.00000E+00  0.00000E+00  0.00000E+00
 THETA3       -5.79264E+00  1.69330E+00  6.89248E+01 -3.23372E+00 -4.00245E+01 -7.92232E+00  8.75565E+00 -1.17621E+01  8.74056E+00 -1.52096E+01 -1.54505E+00  0.00000E+00  0.00000E+00  0.00000E+00  0.00000E+00 -1.94453E+01 -1.17127E+01 -3.11530E+00  3.29254E+01 -2.84970E+01 -1.66149E+01 -6.67286E+00  2.76939E+00 -6.80413E+00 -7.30579E+00 -1.70128E+00 -7.31972E+00  3.09422E+00 -1.27909E+01 -7.59625E+00 -1.57353E+01 -2.29299E+01  3.04192E+00  1.18479E+01  1.08850E+00  3.26712E+01  6.22233E-01  1.55238E+00  5.81312E+01  8.74596E+00 -1.65665E+01  4.68943E+00  9.36574E+00 -2.51749E+01 -3.21287E+01 -6.69707E+00 -1.63268E+01  7.42821E+00 -1.98280E+01 -5.11519E+00  2.53126E+01  0.00000E+00  0.00000E+00  0.00000E+00  0.00000E+00  0.00000E+00  0.00000E+00  0.00000E+00  0.00000E+00  0.00000E+00  0.00000E+00  0.00000E+00  0.00000E+00  0.00000E+00  0.00000E+00  0.00000E+00  0.00000E+00  0.00000E+00  0.00000E+00  0.00000E+00  0.00000E+00  0.00000E+00  0.00000E+00  0.00000E+00  0.00000E+00  0.00000E+00  0.00000E+00  0.00000E+00  0.00000E+00  0.00000E+00  0.00000E+00
 THETA4       -1.32506E+01  9.58006E+00 -3.23372E+00  5.92968E+01  9.20186E+00  6.67348E+00  4.69867E+00 -3.60941E+00  1.23741E+01  1.11033E+01  6.03175E+00  0.00000E+00  0.00000E+00  0.00000E+00  0.00000E+00 -4.45893E+00 -1.07474E+01  1.14514E+01 -4.11567E+00  1.72741E+01 -1.29968E+01  2.17857E+00  5.57848E+01 -7.99499E-01  2.13759E+01 -7.68168E+00  1.58947E+00 -4.59380E-01 -5.54519E+00  6.95066E+00 -1.60327E+01 -4.57044E-01 -3.56999E+00 -1.78883E+00  8.62540E+00  1.03751E+01 -2.36884E+00  1.26421E+01  1.27639E+01  4.40890E+00 -1.32426E+01 -9.68083E+00 -1.06849E+01 -8.57971E-03  1.42068E+01  9.52243E+00  1.57912E+01 -1.49475E+00  5.27699E+00 -2.27038E+00  5.36105E-02  0.00000E+00  0.00000E+00  0.00000E+00  0.00000E+00  0.00000E+00  0.00000E+00  0.00000E+00  0.00000E+00  0.00000E+00  0.00000E+00  0.00000E+00  0.00000E+00  0.00000E+00  0.00000E+00  0.00000E+00  0.00000E+00  0.00000E+00  0.00000E+00  0.00000E+00  0.00000E+00  0.00000E+00  0.00000E+00  0.00000E+00  0.00000E+00  0.00000E+00  0.00000E+00  0.00000E+00  0.00000E+00  0.00000E+00  0.00000E+00
 THETA5       -3.24205E+00 -1.49461E+00 -4.00245E+01  9.20186E+00  5.40162E+01  3.76845E+00 -5.70731E+00  5.53777E+00  3.12250E+00  2.13301E+01 -1.00670E+00  0.00000E+00  0.00000E+00  0.00000E+00  0.00000E+00  1.36052E+01 -7.94453E+00 -3.55116E+00 -2.19493E+01  1.59254E+01  1.14872E+01 -1.42642E+01  1.73961E+01  8.58151E+00  1.31676E+01  8.42032E+00  1.44499E+01  5.70860E+00  5.84529E+00  4.17356E+00  1.57886E+01  2.29736E+01 -1.20380E+01 -2.35809E+01  2.02646E+01 -5.10834E+01  8.94610E+00  4.09593E+00 -2.58864E+01 -9.91416E+00  2.34422E+01 -3.39544E+01 -1.43801E+01  3.90736E+00  1.15048E+01  4.55969E-01  6.18029E+00  6.25413E+00  1.47562E+01 -7.15459E+00 -1.28669E+01  0.00000E+00  0.00000E+00  0.00000E+00  0.00000E+00  0.00000E+00  0.00000E+00  0.00000E+00  0.00000E+00  0.00000E+00  0.00000E+00  0.00000E+00  0.00000E+00  0.00000E+00  0.00000E+00  0.00000E+00  0.00000E+00  0.00000E+00  0.00000E+00  0.00000E+00  0.00000E+00  0.00000E+00  0.00000E+00  0.00000E+00  0.00000E+00  0.00000E+00  0.00000E+00  0.00000E+00  0.00000E+00  0.00000E+00  0.00000E+00
 THETA6       -2.42457E+00 -1.65178E+01 -7.92232E+00  6.67348E+00  3.76845E+00  1.34756E+02  1.45752E+01  3.72315E+00 -1.87542E+01 -5.64314E+01 -1.96566E+01  0.00000E+00  0.00000E+00  0.00000E+00  0.00000E+00 -4.71309E+01 -1.32583E+01  2.22155E+01 -6.45733E+00 -6.49062E-01  2.94466E+00  3.86221E+01  2.66873E+01  3.23191E+01  3.06531E-01  3.02614E+01  1.20677E+01 -8.45095E+00 -1.15476E+01 -1.90257E+00  3.99225E+01  4.83144E+01  1.50906E+01  1.73146E+01 -3.18422E+01  1.56376E+01  4.75830E+01 -5.61345E+00  2.69909E+01  2.40171E+00  4.39490E+00  3.25197E+01 -1.73599E+01 -3.36624E+01 -2.47611E+00  8.94170E+00  2.35874E+01  2.02091E+01  2.09766E+01 -1.31745E+01  3.99764E+01  0.00000E+00  0.00000E+00  0.00000E+00  0.00000E+00  0.00000E+00  0.00000E+00  0.00000E+00  0.00000E+00  0.00000E+00  0.00000E+00  0.00000E+00  0.00000E+00  0.00000E+00  0.00000E+00  0.00000E+00  0.00000E+00  0.00000E+00  0.00000E+00  0.00000E+00  0.00000E+00  0.00000E+00  0.00000E+00  0.00000E+00  0.00000E+00  0.00000E+00  0.00000E+00  0.00000E+00  0.00000E+00  0.00000E+00  0.00000E+00
 THETA7       -1.00785E+01 -2.42390E+01  8.75565E+00  4.69867E+00 -5.70731E+00  1.45752E+01  1.11653E+02 -7.21542E+00  1.43183E+01  8.68689E-03 -2.79255E+00  0.00000E+00  0.00000E+00  0.00000E+00  0.00000E+00  1.10532E+01  1.58849E+01  6.39944E+00  1.64816E+01  6.41721E+00  4.08678E+00  1.87534E+01  5.08086E-01  1.03567E+01  6.71233E+00  1.04412E+01 -1.98994E+01  4.78217E+00 -1.53957E+01  5.25466E+00 -5.31737E+01 -1.30942E+01  4.90544E+01  2.86056E+01 -1.71669E+01 -1.66589E+01 -2.80982E+01  8.39471E-01 -9.20457E+00  2.20072E+01 -2.59366E+01  3.65352E+00  3.11906E+01  3.05184E+01 -8.88740E+00 -3.58396E+00 -3.02903E+01 -2.34297E+01 -8.37462E+00 -1.30789E+01  3.16258E+00  0.00000E+00  0.00000E+00  0.00000E+00  0.00000E+00  0.00000E+00  0.00000E+00  0.00000E+00  0.00000E+00  0.00000E+00  0.00000E+00  0.00000E+00  0.00000E+00  0.00000E+00  0.00000E+00  0.00000E+00  0.00000E+00  0.00000E+00  0.00000E+00  0.00000E+00  0.00000E+00  0.00000E+00  0.00000E+00  0.00000E+00  0.00000E+00  0.00000E+00  0.00000E+00  0.00000E+00  0.00000E+00  0.00000E+00  0.00000E+00
 THETA8       -7.35724E+00  8.68745E+00 -1.17621E+01 -3.60941E+00  5.53777E+00  3.72315E+00 -7.21542E+00  6.13179E+01 -2.45472E+01  1.51466E+01  7.29130E+00  0.00000E+00  0.00000E+00  0.00000E+00  0.00000E+00  7.00312E+00  1.54775E+01  9.30380E+00 -1.17892E+01 -1.03539E+00 -1.30709E+00 -1.91080E+00 -8.72370E+00 -1.36517E+01  7.24998E-01  1.88353E+01 -7.58866E+00  3.61690E+01 -3.84696E+00 -2.54279E+00 -7.30489E+00 -1.11200E+01  2.90726E+01  4.12968E+00 -1.92732E+01 -3.55994E+00  2.71475E+00  3.18566E+00  1.04330E+01  8.38176E+00  1.81711E+00  5.05775E+00  3.04196E-01  2.16921E+01  3.79605E+01 -1.15771E+01  1.85786E+01 -1.38412E+01  1.49336E+01  1.86281E+01 -1.22272E+01  0.00000E+00  0.00000E+00  0.00000E+00  0.00000E+00  0.00000E+00  0.00000E+00  0.00000E+00  0.00000E+00  0.00000E+00  0.00000E+00  0.00000E+00  0.00000E+00  0.00000E+00  0.00000E+00  0.00000E+00  0.00000E+00  0.00000E+00  0.00000E+00  0.00000E+00  0.00000E+00  0.00000E+00  0.00000E+00  0.00000E+00  0.00000E+00  0.00000E+00  0.00000E+00  0.00000E+00  0.00000E+00  0.00000E+00  0.00000E+00
 THETA9       -2.83618E-01 -6.23109E+00  8.74056E+00  1.23741E+01  3.12250E+00 -1.87542E+01  1.43183E+01 -2.45472E+01  1.72713E+02  3.24639E+01 -2.39152E+01  0.00000E+00  0.00000E+00  0.00000E+00  0.00000E+00 -1.29090E+01  1.53046E+01  2.67780E+00  9.58044E+00 -2.89826E+01  3.96563E-01  8.50168E+00  1.35562E+01 -4.53228E+00 -2.12228E+01 -2.63322E+01  5.09989E+00 -3.55498E+01  1.56912E+01 -4.31107E+00  9.23753E+00  1.51197E+01 -3.31477E+01 -4.94211E+01  3.00157E+01  1.18902E+01 -1.00368E+01  3.77845E+00  1.82518E+01 -3.24209E+01  2.30999E+01 -8.15764E+01 -2.60760E+01 -1.71273E+01 -5.17758E+00 -4.00645E+01 -4.42966E+00  1.68792E+01 -1.41019E+01  1.11139E+01  3.69975E+01  0.00000E+00  0.00000E+00  0.00000E+00  0.00000E+00  0.00000E+00  0.00000E+00  0.00000E+00  0.00000E+00  0.00000E+00  0.00000E+00  0.00000E+00  0.00000E+00  0.00000E+00  0.00000E+00  0.00000E+00  0.00000E+00  0.00000E+00  0.00000E+00  0.00000E+00  0.00000E+00  0.00000E+00  0.00000E+00  0.00000E+00  0.00000E+00  0.00000E+00  0.00000E+00  0.00000E+00  0.00000E+00  0.00000E+00  0.00000E+00
 THETA10       2.16428E+00  1.70442E+01 -1.52096E+01  1.11033E+01  2.13301E+01 -5.64314E+01  8.68689E-03  1.51466E+01  3.24639E+01  6.00107E+02  9.77156E+00  0.00000E+00  0.00000E+00  0.00000E+00  0.00000E+00  5.18321E+01  2.88949E+01 -2.67331E+01 -3.67306E+01  5.17069E+00 -2.26889E+01 -4.28635E+01  1.92823E+01 -2.32462E+01 -9.57278E+00 -2.39880E+01  2.47133E+01 -4.85838E+01 -1.42623E-02  5.54233E+01 -5.56442E+01  2.87650E+01 -3.41075E+01 -3.47920E+01  5.40435E+01  2.03313E+00  9.50178E-01  5.86787E+01 -1.80181E+01 -8.66638E+00 -8.85803E+01 -7.67591E+01 -3.92570E+01 -1.89068E+01 -1.33362E+01 -9.62913E+01 -1.64906E+01 -1.12483E+01  7.50001E+01  1.22470E+01 -2.23212E+01  0.00000E+00  0.00000E+00  0.00000E+00  0.00000E+00  0.00000E+00  0.00000E+00  0.00000E+00  0.00000E+00  0.00000E+00  0.00000E+00  0.00000E+00  0.00000E+00  0.00000E+00  0.00000E+00  0.00000E+00  0.00000E+00  0.00000E+00  0.00000E+00  0.00000E+00  0.00000E+00  0.00000E+00  0.00000E+00  0.00000E+00  0.00000E+00  0.00000E+00  0.00000E+00  0.00000E+00  0.00000E+00  0.00000E+00  0.00000E+00
 THETA11      -7.92785E+00  4.09424E+00 -1.54505E+00  6.03175E+00 -1.00670E+00 -1.96566E+01 -2.79255E+00  7.29130E+00 -2.39152E+01  9.77156E+00  3.43068E+02  0.00000E+00  0.00000E+00  0.00000E+00  0.00000E+00  3.93346E+01  1.00982E+01  1.68122E+01 -6.96447E+01 -1.10163E+01 -5.69658E+01 -3.48321E+01  3.66361E+01  3.04058E+01  5.65320E+00 -2.04340E+01 -1.77834E+01 -2.34382E+00  1.17788E+01  1.19991E+01 -1.49310E+01 -7.08186E+00 -1.43380E+01 -1.01438E+01 -1.02427E+01 -5.93781E+01 -4.78466E+01  3.17078E+01  4.90466E+01 -5.90714E+01  1.03455E-01  4.41874E+01  2.02789E+01  5.55214E+01 -2.18879E+01  2.65092E+01  4.47313E+00 -1.00153E+01  2.50181E+01  4.83027E+01 -3.35627E+01  0.00000E+00  0.00000E+00  0.00000E+00  0.00000E+00  0.00000E+00  0.00000E+00  0.00000E+00  0.00000E+00  0.00000E+00  0.00000E+00  0.00000E+00  0.00000E+00  0.00000E+00  0.00000E+00  0.00000E+00  0.00000E+00  0.00000E+00  0.00000E+00  0.00000E+00  0.00000E+00  0.00000E+00  0.00000E+00  0.00000E+00  0.00000E+00  0.00000E+00  0.00000E+00  0.00000E+00  0.00000E+00  0.00000E+00  0.00000E+00
 THETA12       0.00000E+00  0.00000E+00  0.00000E+00  0.00000E+00  0.00000E+00  0.00000E+00  0.00000E+00  0.00000E+00  0.00000E+00  0.00000E+00  0.00000E+00  0.00000E+00  0.00000E+00  0.00000E+00  0.00000E+00  0.00000E+00  0.00000E+00  0.00000E+00  0.00000E+00  0.00000E+00  0.00000E+00  0.00000E+00  0.00000E+00  0.00000E+00  0.00000E+00  0.00000E+00  0.00000E+00  0.00000E+00  0.00000E+00  0.00000E+00  0.00000E+00  0.00000E+00  0.00000E+00  0.00000E+00  0.00000E+00  0.00000E+00  0.00000E+00  0.00000E+00  0.00000E+00  0.00000E+00  0.00000E+00  0.00000E+00  0.00000E+00  0.00000E+00  0.00000E+00  0.00000E+00  0.00000E+00  0.00000E+00  0.00000E+00  0.00000E+00  0.00000E+00  0.00000E+00  0.00000E+00  0.00000E+00  0.00000E+00  0.00000E+00  0.00000E+00  0.00000E+00  0.00000E+00  0.00000E+00  0.00000E+00  0.00000E+00  0.00000E+00  0.00000E+00  0.00000E+00  0.00000E+00  0.00000E+00  0.00000E+00  0.00000E+00  0.00000E+00  0.00000E+00  0.00000E+00  0.00000E+00  0.00000E+00  0.00000E+00  0.00000E+00  0.00000E+00  0.00000E+00  0.00000E+00  0.00000E+00  0.00000E+00
 SIGMA(1,1)    0.00000E+00  0.00000E+00  0.00000E+00  0.00000E+00  0.00000E+00  0.00000E+00  0.00000E+00  0.00000E+00  0.00000E+00  0.00000E+00  0.00000E+00  0.00000E+00  0.00000E+00  0.00000E+00  0.00000E+00  0.00000E+00  0.00000E+00  0.00000E+00  0.00000E+00  0.00000E+00  0.00000E+00  0.00000E+00  0.00000E+00  0.00000E+00  0.00000E+00  0.00000E+00  0.00000E+00  0.00000E+00  0.00000E+00  0.00000E+00  0.00000E+00  0.00000E+00  0.00000E+00  0.00000E+00  0.00000E+00  0.00000E+00  0.00000E+00  0.00000E+00  0.00000E+00  0.00000E+00  0.00000E+00  0.00000E+00  0.00000E+00  0.00000E+00  0.00000E+00  0.00000E+00  0.00000E+00  0.00000E+00  0.00000E+00  0.00000E+00  0.00000E+00  0.00000E+00  0.00000E+00  0.00000E+00  0.00000E+00  0.00000E+00  0.00000E+00  0.00000E+00  0.00000E+00  0.00000E+00  0.00000E+00  0.00000E+00  0.00000E+00  0.00000E+00  0.00000E+00  0.00000E+00  0.00000E+00  0.00000E+00  0.00000E+00  0.00000E+00  0.00000E+00  0.00000E+00  0.00000E+00  0.00000E+00  0.00000E+00  0.00000E+00  0.00000E+00  0.00000E+00  0.00000E+00  0.00000E+00  0.00000E+00
 SIGMA(2,1)    0.00000E+00  0.00000E+00  0.00000E+00  0.00000E+00  0.00000E+00  0.00000E+00  0.00000E+00  0.00000E+00  0.00000E+00  0.00000E+00  0.00000E+00  0.00000E+00  0.00000E+00  0.00000E+00  0.00000E+00  0.00000E+00  0.00000E+00  0.00000E+00  0.00000E+00  0.00000E+00  0.00000E+00  0.00000E+00  0.00000E+00  0.00000E+00  0.00000E+00  0.00000E+00  0.00000E+00  0.00000E+00  0.00000E+00  0.00000E+00  0.00000E+00  0.00000E+00  0.00000E+00  0.00000E+00  0.00000E+00  0.00000E+00  0.00000E+00  0.00000E+00  0.00000E+00  0.00000E+00  0.00000E+00  0.00000E+00  0.00000E+00  0.00000E+00  0.00000E+00  0.00000E+00  0.00000E+00  0.00000E+00  0.00000E+00  0.00000E+00  0.00000E+00  0.00000E+00  0.00000E+00  0.00000E+00  0.00000E+00  0.00000E+00  0.00000E+00  0.00000E+00  0.00000E+00  0.00000E+00  0.00000E+00  0.00000E+00  0.00000E+00  0.00000E+00  0.00000E+00  0.00000E+00  0.00000E+00  0.00000E+00  0.00000E+00  0.00000E+00  0.00000E+00  0.00000E+00  0.00000E+00  0.00000E+00  0.00000E+00  0.00000E+00  0.00000E+00  0.00000E+00  0.00000E+00  0.00000E+00  0.00000E+00
 SIGMA(2,2)    0.00000E+00  0.00000E+00  0.00000E+00  0.00000E+00  0.00000E+00  0.00000E+00  0.00000E+00  0.00000E+00  0.00000E+00  0.00000E+00  0.00000E+00  0.00000E+00  0.00000E+00  0.00000E+00  0.00000E+00  0.00000E+00  0.00000E+00  0.00000E+00  0.00000E+00  0.00000E+00  0.00000E+00  0.00000E+00  0.00000E+00  0.00000E+00  0.00000E+00  0.00000E+00  0.00000E+00  0.00000E+00  0.00000E+00  0.00000E+00  0.00000E+00  0.00000E+00  0.00000E+00  0.00000E+00  0.00000E+00  0.00000E+00  0.00000E+00  0.00000E+00  0.00000E+00  0.00000E+00  0.00000E+00  0.00000E+00  0.00000E+00  0.00000E+00  0.00000E+00  0.00000E+00  0.00000E+00  0.00000E+00  0.00000E+00  0.00000E+00  0.00000E+00  0.00000E+00  0.00000E+00  0.00000E+00  0.00000E+00  0.00000E+00  0.00000E+00  0.00000E+00  0.00000E+00  0.00000E+00  0.00000E+00  0.00000E+00  0.00000E+00  0.00000E+00  0.00000E+00  0.00000E+00  0.00000E+00  0.00000E+00  0.00000E+00  0.00000E+00  0.00000E+00  0.00000E+00  0.00000E+00  0.00000E+00  0.00000E+00  0.00000E+00  0.00000E+00  0.00000E+00  0.00000E+00  0.00000E+00  0.00000E+00
 OMEGA(1,1)    6.99213E+00  1.08471E+01 -1.94453E+01 -4.45893E+00  1.36052E+01 -4.71309E+01  1.10532E+01  7.00312E+00 -1.29090E+01  5.18321E+01  3.93346E+01  0.00000E+00  0.00000E+00  0.00000E+00  0.00000E+00  4.25418E+02  4.28423E+01  5.47323E-01  7.33304E+01 -1.99968E+01 -1.14128E+01 -2.29466E+02  1.50691E+01 -2.25153E+01  4.24201E+01 -1.34470E+02 -8.69970E+00  4.77455E+01  8.27903E+01 -5.06799E+01 -6.44319E+01 -7.28315E+01  2.57726E+01  4.03097E+01 -1.58398E+01 -1.00829E+02 -1.85049E+02 -6.47813E+00 -4.06924E+01 -2.18393E+01  2.89582E+01  5.83629E+01  2.25267E+01 -9.76664E+01  2.24738E+01 -6.74121E+01  6.13235E+00 -1.07536E+02 -2.07179E+01  2.81582E+01 -4.24509E+01  0.00000E+00  0.00000E+00  0.00000E+00  0.00000E+00  0.00000E+00  0.00000E+00  0.00000E+00  0.00000E+00  0.00000E+00  0.00000E+00  0.00000E+00  0.00000E+00  0.00000E+00  0.00000E+00  0.00000E+00  0.00000E+00  0.00000E+00  0.00000E+00  0.00000E+00  0.00000E+00  0.00000E+00  0.00000E+00  0.00000E+00  0.00000E+00  0.00000E+00  0.00000E+00  0.00000E+00  0.00000E+00  0.00000E+00  0.00000E+00
 OMEGA(2,1)    2.39185E+01  4.13477E+00 -1.17127E+01 -1.07474E+01 -7.94453E+00 -1.32583E+01  1.58849E+01  1.54775E+01  1.53046E+01  2.88949E+01  1.00982E+01  0.00000E+00  0.00000E+00  0.00000E+00  0.00000E+00  4.28423E+01  6.76209E+02  7.65662E+01  8.89663E+01  2.11905E+02  4.63738E+01  1.67791E+02 -1.53092E+02  4.81017E+01 -7.74111E+01 -1.10217E+02 -1.29794E+02 -7.42715E+00  1.22104E+01  1.02201E+01 -7.37377E+01 -5.06967E+01  5.43770E+01 -5.00115E+01 -8.21094E+01 -1.38178E+01 -2.12582E+02 -1.17640E+02 -8.14495E+01 -4.92744E+01  2.49333E+01 -1.27720E+01  5.62025E+01  1.65093E+02 -4.06573E+01  7.49658E+00 -3.85492E+01  8.00320E+00  6.50366E+01  7.19984E+01 -5.74824E+01  0.00000E+00  0.00000E+00  0.00000E+00  0.00000E+00  0.00000E+00  0.00000E+00  0.00000E+00  0.00000E+00  0.00000E+00  0.00000E+00  0.00000E+00  0.00000E+00  0.00000E+00  0.00000E+00  0.00000E+00  0.00000E+00  0.00000E+00  0.00000E+00  0.00000E+00  0.00000E+00  0.00000E+00  0.00000E+00  0.00000E+00  0.00000E+00  0.00000E+00  0.00000E+00  0.00000E+00  0.00000E+00  0.00000E+00  0.00000E+00
 OMEGA(2,2)    6.30123E+00  2.30613E+01 -3.11530E+00  1.14514E+01 -3.55116E+00  2.22155E+01  6.39944E+00  9.30380E+00  2.67780E+00 -2.67331E+01  1.68122E+01  0.00000E+00  0.00000E+00  0.00000E+00  0.00000E+00  5.47323E-01  7.65662E+01  2.88076E+02  5.22844E+01  5.58098E+01 -3.56165E+01 -1.77642E+01  1.40584E+02 -2.78831E+00  1.50981E+01 -5.28806E+00 -2.78233E+00  3.09623E+00 -1.85271E+00 -2.19793E+01 -4.52677E+01 -1.42684E+02 -5.90803E+00 -8.25318E+01 -2.84484E+01  3.63389E+00 -7.23512E+01 -2.45805E+02  3.22314E+01 -5.07885E+01 -2.45085E+01  7.04821E+01  5.94589E+01  2.60150E+01  1.24035E+02  7.74178E+01  9.78658E+01 -1.55412E+00  4.86565E+01 -1.33045E+01 -1.14827E+01  0.00000E+00  0.00000E+00  0.00000E+00  0.00000E+00  0.00000E+00  0.00000E+00  0.00000E+00  0.00000E+00  0.00000E+00  0.00000E+00  0.00000E+00  0.00000E+00  0.00000E+00  0.00000E+00  0.00000E+00  0.00000E+00  0.00000E+00  0.00000E+00  0.00000E+00  0.00000E+00  0.00000E+00  0.00000E+00  0.00000E+00  0.00000E+00  0.00000E+00  0.00000E+00  0.00000E+00  0.00000E+00  0.00000E+00  0.00000E+00
 OMEGA(3,1)    3.84768E-01  1.26953E+01  3.29254E+01 -4.11567E+00 -2.19493E+01 -6.45733E+00  1.64816E+01 -1.17892E+01  9.58044E+00 -3.67306E+01 -6.96447E+01  0.00000E+00  0.00000E+00  0.00000E+00  0.00000E+00  7.33304E+01  8.89663E+01  5.22844E+01  8.09698E+02  1.10606E+02  1.71760E+02  1.81398E+01  4.56191E+01 -2.34089E+02  1.50559E+01 -9.53278E+01 -1.23128E+00 -1.92513E+01  2.28748E+01 -8.21551E+01 -6.69285E+01 -2.70021E+01 -7.18855E+01  7.59313E+01  5.20846E+01 -2.52462E+00 -9.50132E+01  2.21340E+01 -1.66395E+02 -5.19750E+01  6.31072E+01 -7.73293E+01 -1.30965E+01 -1.66569E+02 -5.70538E+01 -1.37374E+02  1.54067E+01 -1.17744E+02 -2.11005E+01  1.87850E+02 -2.92183E+01  0.00000E+00  0.00000E+00  0.00000E+00  0.00000E+00  0.00000E+00  0.00000E+00  0.00000E+00  0.00000E+00  0.00000E+00  0.00000E+00  0.00000E+00  0.00000E+00  0.00000E+00  0.00000E+00  0.00000E+00  0.00000E+00  0.00000E+00  0.00000E+00  0.00000E+00  0.00000E+00  0.00000E+00  0.00000E+00  0.00000E+00  0.00000E+00  0.00000E+00  0.00000E+00  0.00000E+00  0.00000E+00  0.00000E+00  0.00000E+00
 OMEGA(3,2)    2.06806E+01  1.00654E+00 -2.84970E+01  1.72741E+01  1.59254E+01 -6.49062E-01  6.41721E+00 -1.03539E+00 -2.89826E+01  5.17069E+00 -1.10163E+01  0.00000E+00  0.00000E+00  0.00000E+00  0.00000E+00 -1.99968E+01  2.11905E+02  5.58098E+01  1.10606E+02  6.86087E+02  1.38453E+02  1.05190E+02  1.13014E+02  1.46209E+02  6.25343E+01 -4.06322E+01 -2.19086E+02 -1.08310E+02 -1.35093E+01  3.47088E+01  7.57735E+00  1.05811E+02 -9.27908E+01 -8.26817E+00  4.21267E+01 -4.26548E+01  5.40713E+01  1.18193E+02 -2.74586E+02  1.70377E+01  6.91549E+01 -5.17732E+01 -2.42177E+01  8.98330E+01 -5.41467E+00  5.38306E+01  1.88317E+01 -2.66171E+01  1.48201E+02 -4.37886E+01 -6.04463E+01  0.00000E+00  0.00000E+00  0.00000E+00  0.00000E+00  0.00000E+00  0.00000E+00  0.00000E+00  0.00000E+00  0.00000E+00  0.00000E+00  0.00000E+00  0.00000E+00  0.00000E+00  0.00000E+00  0.00000E+00  0.00000E+00  0.00000E+00  0.00000E+00  0.00000E+00  0.00000E+00  0.00000E+00  0.00000E+00  0.00000E+00  0.00000E+00  0.00000E+00  0.00000E+00  0.00000E+00  0.00000E+00  0.00000E+00  0.00000E+00
 OMEGA(3,3)    2.37909E+01 -4.37219E-01 -1.66149E+01 -1.29968E+01  1.14872E+01  2.94466E+00  4.08678E+00 -1.30709E+00  3.96563E-01 -2.26889E+01 -5.69658E+01  0.00000E+00  0.00000E+00  0.00000E+00  0.00000E+00 -1.14128E+01  4.63738E+01 -3.56165E+01  1.71760E+02  1.38453E+02  4.12956E+02  4.57628E+00 -2.71872E+01  7.47674E+01 -1.20981E+01  3.77603E+00 -4.89462E+01 -1.44025E+02 -6.37741E+01 -2.05828E+01  7.57045E+00  3.36003E+01 -8.42720E+00  1.24770E+01  1.80284E+01 -8.15041E+01  3.76508E+01  4.95100E+01 -1.68011E+02  1.24601E+01  4.19354E+01 -5.02397E+01 -4.22469E+01  2.50342E+01 -4.44086E+01 -1.86223E+02  1.14227E+01  3.29212E+01  1.25718E+02  3.67817E+01 -2.59876E+01  0.00000E+00  0.00000E+00  0.00000E+00  0.00000E+00  0.00000E+00  0.00000E+00  0.00000E+00  0.00000E+00  0.00000E+00  0.00000E+00  0.00000E+00  0.00000E+00  0.00000E+00  0.00000E+00  0.00000E+00  0.00000E+00  0.00000E+00  0.00000E+00  0.00000E+00  0.00000E+00  0.00000E+00  0.00000E+00  0.00000E+00  0.00000E+00  0.00000E+00  0.00000E+00  0.00000E+00  0.00000E+00  0.00000E+00  0.00000E+00
 OMEGA(4,1)    1.18392E+01 -1.25494E+01 -6.67286E+00  2.17857E+00 -1.42642E+01  3.86221E+01  1.87534E+01 -1.91080E+00  8.50168E+00 -4.28635E+01 -3.48321E+01  0.00000E+00  0.00000E+00  0.00000E+00  0.00000E+00 -2.29466E+02  1.67791E+02 -1.77642E+01  1.81398E+01  1.05190E+02  4.57628E+00  6.27854E+02 -8.42783E+01  1.44012E+02 -1.32135E+02  1.32994E+02 -2.43960E+01 -7.57208E+01 -1.19577E+02  5.40562E+00  1.34941E+02  3.98807E+01  1.46643E+02 -2.64899E+01 -1.03652E+02  5.61819E+01  6.71384E+01 -3.56674E+01 -6.26038E+01 -4.16693E+01  2.91570E+01  1.34656E+01  2.71406E+01  2.82408E+01 -1.32751E+01  5.97654E+01 -3.64025E+01  2.97182E+01 -1.01999E+02  3.79242E+01 -1.45095E+01  0.00000E+00  0.00000E+00  0.00000E+00  0.00000E+00  0.00000E+00  0.00000E+00  0.00000E+00  0.00000E+00  0.00000E+00  0.00000E+00  0.00000E+00  0.00000E+00  0.00000E+00  0.00000E+00  0.00000E+00  0.00000E+00  0.00000E+00  0.00000E+00  0.00000E+00  0.00000E+00  0.00000E+00  0.00000E+00  0.00000E+00  0.00000E+00  0.00000E+00  0.00000E+00  0.00000E+00  0.00000E+00  0.00000E+00  0.00000E+00
 OMEGA(4,2)   -1.30128E+01  2.58465E+01  2.76939E+00  5.57848E+01  1.73961E+01  2.66873E+01  5.08086E-01 -8.72370E+00  1.35562E+01  1.92823E+01  3.66361E+01  0.00000E+00  0.00000E+00  0.00000E+00  0.00000E+00  1.50691E+01 -1.53092E+02  1.40584E+02  4.56191E+01  1.13014E+02 -2.71872E+01 -8.42783E+01  4.75073E+02  7.57260E+01  1.19467E+02 -3.18926E+00  5.70433E+01 -1.31945E+01 -3.11801E+01 -2.55042E+01 -5.83744E+01 -8.32104E+01 -7.59031E+01 -1.14467E+02  4.56212E+01 -2.39614E+01 -2.11547E+01 -7.00392E+00  3.18655E+01 -1.44306E+02 -3.06199E+01 -3.98178E+01 -2.60820E+01 -4.55045E+01  5.77241E+01  4.44029E+00  1.08207E+02  1.41568E+01  6.38570E+01  1.37411E+01  3.74332E+01  0.00000E+00  0.00000E+00  0.00000E+00  0.00000E+00  0.00000E+00  0.00000E+00  0.00000E+00  0.00000E+00  0.00000E+00  0.00000E+00  0.00000E+00  0.00000E+00  0.00000E+00  0.00000E+00  0.00000E+00  0.00000E+00  0.00000E+00  0.00000E+00  0.00000E+00  0.00000E+00  0.00000E+00  0.00000E+00  0.00000E+00  0.00000E+00  0.00000E+00  0.00000E+00  0.00000E+00  0.00000E+00  0.00000E+00  0.00000E+00
 OMEGA(4,3)    1.45885E+01 -1.50320E+01 -6.80413E+00 -7.99499E-01  8.58151E+00  3.23191E+01  1.03567E+01 -1.36517E+01 -4.53228E+00 -2.32462E+01  3.04058E+01  0.00000E+00  0.00000E+00  0.00000E+00  0.00000E+00 -2.25153E+01  4.81017E+01 -2.78831E+00 -2.34089E+02  1.46209E+02  7.47674E+01  1.44012E+02  7.57260E+01  4.60327E+02  4.33940E+01  2.27008E+01 -6.49280E+01 -8.05229E+01 -8.54435E+01  2.22670E+01  1.34864E+02  2.47505E+01  3.62326E+01 -3.70762E+01 -8.66491E+01 -3.89691E+00  3.85446E+01  3.59015E+01  3.84430E+01 -5.11294E+00 -5.86854E+00  3.78224E+01  3.02273E+01  2.40181E+01 -1.49293E+01 -3.20725E+01 -7.17964E+00  5.65224E+01 -4.61958E+00 -8.55529E+01  1.92939E+01  0.00000E+00  0.00000E+00  0.00000E+00  0.00000E+00  0.00000E+00  0.00000E+00  0.00000E+00  0.00000E+00  0.00000E+00  0.00000E+00  0.00000E+00  0.00000E+00  0.00000E+00  0.00000E+00  0.00000E+00  0.00000E+00  0.00000E+00  0.00000E+00  0.00000E+00  0.00000E+00  0.00000E+00  0.00000E+00  0.00000E+00  0.00000E+00  0.00000E+00  0.00000E+00  0.00000E+00  0.00000E+00  0.00000E+00  0.00000E+00
 OMEGA(4,4)   -1.40778E+00  1.31083E+01 -7.30579E+00  2.13759E+01  1.31676E+01  3.06531E-01  6.71233E+00  7.24998E-01 -2.12228E+01 -9.57278E+00  5.65320E+00  0.00000E+00  0.00000E+00  0.00000E+00  0.00000E+00  4.24201E+01 -7.74111E+01  1.50981E+01  1.50559E+01  6.25343E+01 -1.20981E+01 -1.32135E+02  1.19467E+02  4.33940E+01  1.79517E+02 -3.02903E+01 -3.26962E+01  3.28932E+01  3.62117E+01 -1.02223E+01 -4.41749E+01 -2.20516E+01 -1.77056E+01  1.22361E+01  1.75399E+01 -3.75167E+01 -6.87780E+00  5.45353E+01 -7.98852E-01  1.73916E+01 -1.07071E+01 -3.38917E+00 -1.87958E+01  3.61441E+01  2.66753E+01  4.79489E+01  1.54985E+01 -6.91800E+01  3.39535E+01 -5.72653E+00 -4.04276E+01  0.00000E+00  0.00000E+00  0.00000E+00  0.00000E+00  0.00000E+00  0.00000E+00  0.00000E+00  0.00000E+00  0.00000E+00  0.00000E+00  0.00000E+00  0.00000E+00  0.00000E+00  0.00000E+00  0.00000E+00  0.00000E+00  0.00000E+00  0.00000E+00  0.00000E+00  0.00000E+00  0.00000E+00  0.00000E+00  0.00000E+00  0.00000E+00  0.00000E+00  0.00000E+00  0.00000E+00  0.00000E+00  0.00000E+00  0.00000E+00
 OMEGA(5,1)   -1.62560E+01 -1.27393E+01 -1.70128E+00 -7.68168E+00  8.42032E+00  3.02614E+01  1.04412E+01  1.88353E+01 -2.63322E+01 -2.39880E+01 -2.04340E+01  0.00000E+00  0.00000E+00  0.00000E+00  0.00000E+00 -1.34470E+02 -1.10217E+02 -5.28806E+00 -9.53278E+01 -4.06322E+01  3.77603E+00  1.32994E+02 -3.18926E+00  2.27008E+01 -3.02903E+01  6.53322E+02 -3.25698E+01  3.38453E+01 -2.19789E+02 -7.05474E+01  4.33400E+01 -3.71972E+01 -9.98149E+00 -6.31846E+01  1.02839E-02 -8.55453E+01 -4.55872E+01 -4.11414E+01 -2.14163E+01  5.46090E+01  1.34847E+01  1.38086E+02  4.83907E+01 -6.83703E+01  1.00704E+01 -3.07205E+01  5.29367E+00 -3.00151E+02 -5.94837E+01  9.11314E+01  4.98590E+01  0.00000E+00  0.00000E+00  0.00000E+00  0.00000E+00  0.00000E+00  0.00000E+00  0.00000E+00  0.00000E+00  0.00000E+00  0.00000E+00  0.00000E+00  0.00000E+00  0.00000E+00  0.00000E+00  0.00000E+00  0.00000E+00  0.00000E+00  0.00000E+00  0.00000E+00  0.00000E+00  0.00000E+00  0.00000E+00  0.00000E+00  0.00000E+00  0.00000E+00  0.00000E+00  0.00000E+00  0.00000E+00  0.00000E+00  0.00000E+00
 OMEGA(5,2)    4.49162E+00 -3.59447E+00 -7.31972E+00  1.58947E+00  1.44499E+01  1.20677E+01 -1.98994E+01 -7.58866E+00  5.09989E+00  2.47133E+01 -1.77834E+01  0.00000E+00  0.00000E+00  0.00000E+00  0.00000E+00 -8.69970E+00 -1.29794E+02 -2.78233E+00 -1.23128E+00 -2.19086E+02 -4.89462E+01 -2.43960E+01  5.70433E+01 -6.49280E+01 -3.26962E+01 -3.25698E+01  6.69144E+02  2.81232E+01  1.11092E+02 -8.13434E+00 -3.09673E+01  4.61751E+01 -5.01771E+01  1.98727E+01  5.77208E+01  2.24880E+01  6.30548E+01 -8.84342E+01  7.41844E+01 -4.41964E+01 -2.22782E+02  3.63552E+01  8.07646E+00 -8.06257E+01  3.14517E+01  5.73355E+01  2.45877E+01  2.53087E+02 -3.90742E+01 -4.53588E+01  4.47787E+01  0.00000E+00  0.00000E+00  0.00000E+00  0.00000E+00  0.00000E+00  0.00000E+00  0.00000E+00  0.00000E+00  0.00000E+00  0.00000E+00  0.00000E+00  0.00000E+00  0.00000E+00  0.00000E+00  0.00000E+00  0.00000E+00  0.00000E+00  0.00000E+00  0.00000E+00  0.00000E+00  0.00000E+00  0.00000E+00  0.00000E+00  0.00000E+00  0.00000E+00  0.00000E+00  0.00000E+00  0.00000E+00  0.00000E+00  0.00000E+00
 OMEGA(5,3)   -2.17365E+01  2.07417E+01  3.09422E+00 -4.59380E-01  5.70860E+00 -8.45095E+00  4.78217E+00  3.61690E+01 -3.55498E+01 -4.85838E+01 -2.34382E+00  0.00000E+00  0.00000E+00  0.00000E+00  0.00000E+00  4.77455E+01 -7.42715E+00  3.09623E+00 -1.92513E+01 -1.08310E+02 -1.44025E+02 -7.57208E+01 -1.31945E+01 -8.05229E+01  3.28932E+01  3.38453E+01  2.81232E+01  6.68706E+02  8.72989E+01 -1.74710E+02 -1.22188E+02 -5.00845E+01  7.50701E+01  8.63981E+00 -9.48291E+01 -5.95514E+01 -4.24069E+01  1.08722E+00  4.19996E+00 -2.97661E+01  3.75147E-01 -6.88061E+01  6.80845E+00  1.66457E+01  1.74331E+01  7.61612E+01 -4.63991E+01 -1.63802E+02  3.87769E+01  3.24459E+01  9.72812E+00  0.00000E+00  0.00000E+00  0.00000E+00  0.00000E+00  0.00000E+00  0.00000E+00  0.00000E+00  0.00000E+00  0.00000E+00  0.00000E+00  0.00000E+00  0.00000E+00  0.00000E+00  0.00000E+00  0.00000E+00  0.00000E+00  0.00000E+00  0.00000E+00  0.00000E+00  0.00000E+00  0.00000E+00  0.00000E+00  0.00000E+00  0.00000E+00  0.00000E+00  0.00000E+00  0.00000E+00  0.00000E+00  0.00000E+00  0.00000E+00
 OMEGA(5,4)    1.65269E+01  5.00666E+00 -1.27909E+01 -5.54519E+00  5.84529E+00 -1.15476E+01 -1.53957E+01 -3.84696E+00  1.56912E+01 -1.42623E-02  1.17788E+01  0.00000E+00  0.00000E+00  0.00000E+00  0.00000E+00  8.27903E+01  1.22104E+01 -1.85271E+00  2.28748E+01 -1.35093E+01 -6.37741E+01 -1.19577E+02 -3.11801E+01 -8.54435E+01  3.62117E+01 -2.19789E+02  1.11092E+02  8.72989E+01  4.72689E+02  3.48367E+00 -4.93798E+01  8.13237E+01 -1.00648E+02  7.11924E+01  5.74632E+01  2.23897E-01  1.50891E+01  2.29784E+01 -2.14781E+01 -3.99715E+01  3.92573E+01  3.60801E+01  5.29714E+00  3.28814E+01 -2.75158E+00  5.67771E+00 -1.15428E+02 -3.62131E+01 -3.34124E+01 -2.89007E+01  2.17768E+00  0.00000E+00  0.00000E+00  0.00000E+00  0.00000E+00  0.00000E+00  0.00000E+00  0.00000E+00  0.00000E+00  0.00000E+00  0.00000E+00  0.00000E+00  0.00000E+00  0.00000E+00  0.00000E+00  0.00000E+00  0.00000E+00  0.00000E+00  0.00000E+00  0.00000E+00  0.00000E+00  0.00000E+00  0.00000E+00  0.00000E+00  0.00000E+00  0.00000E+00  0.00000E+00  0.00000E+00  0.00000E+00  0.00000E+00  0.00000E+00
 OMEGA(5,5)    1.03093E+00 -5.62339E+00 -7.59625E+00  6.95066E+00  4.17356E+00 -1.90257E+00  5.25466E+00 -2.54279E+00 -4.31107E+00  5.54233E+01  1.19991E+01  0.00000E+00  0.00000E+00  0.00000E+00  0.00000E+00 -5.06799E+01  1.02201E+01 -2.19793E+01 -8.21551E+01  3.47088E+01 -2.05828E+01  5.40562E+00 -2.55042E+01  2.22670E+01 -1.02223E+01 -7.05474E+01 -8.13434E+00 -1.74710E+02  3.48367E+00  3.42981E+02  5.11930E+01  6.16068E+01 -2.47572E+01 -2.51391E+01 -3.02001E+01  1.34195E+01  9.93750E+01  1.55665E+01  4.18827E+01 -2.10966E+01 -1.46094E+02 -7.55649E+01 -3.08873E+01 -2.98685E+00 -5.90036E+00 -1.66948E+01 -1.51342E+01 -2.52053E+01 -8.92097E+01 -4.09527E+01 -4.21675E+01  0.00000E+00  0.00000E+00  0.00000E+00  0.00000E+00  0.00000E+00  0.00000E+00  0.00000E+00  0.00000E+00  0.00000E+00  0.00000E+00  0.00000E+00  0.00000E+00  0.00000E+00  0.00000E+00  0.00000E+00  0.00000E+00  0.00000E+00  0.00000E+00  0.00000E+00  0.00000E+00  0.00000E+00  0.00000E+00  0.00000E+00  0.00000E+00  0.00000E+00  0.00000E+00  0.00000E+00  0.00000E+00  0.00000E+00  0.00000E+00
 OMEGA(6,1)    2.58142E+01  2.76655E-01 -1.57353E+01 -1.60327E+01  1.57886E+01  3.99225E+01 -5.31737E+01 -7.30489E+00  9.23753E+00 -5.56442E+01 -1.49310E+01  0.00000E+00  0.00000E+00  0.00000E+00  0.00000E+00 -6.44319E+01 -7.37377E+01 -4.52677E+01 -6.69285E+01  7.57735E+00  7.57045E+00  1.34941E+02 -5.83744E+01  1.34864E+02 -4.41749E+01  4.33400E+01 -3.09673E+01 -1.22188E+02 -4.93798E+01  5.11930E+01  9.84124E+02  1.44934E+02  6.07548E+01 -2.18463E+02 -1.31300E+02 -2.37416E+01  3.58061E+02  4.92257E+01  7.88419E+01 -6.13201E+00  1.33124E+02 -1.55305E+02 -9.37633E+01 -4.98076E+01 -5.80281E+01 -5.11887E+01 -4.96678E+01 -1.83935E+01 -2.00849E+02 -6.59031E+01  7.38525E+00  0.00000E+00  0.00000E+00  0.00000E+00  0.00000E+00  0.00000E+00  0.00000E+00  0.00000E+00  0.00000E+00  0.00000E+00  0.00000E+00  0.00000E+00  0.00000E+00  0.00000E+00  0.00000E+00  0.00000E+00  0.00000E+00  0.00000E+00  0.00000E+00  0.00000E+00  0.00000E+00  0.00000E+00  0.00000E+00  0.00000E+00  0.00000E+00  0.00000E+00  0.00000E+00  0.00000E+00  0.00000E+00  0.00000E+00  0.00000E+00
 OMEGA(6,2)    1.58207E+01 -2.30762E+01 -2.29299E+01 -4.57044E-01  2.29736E+01  4.83144E+01 -1.30942E+01 -1.11200E+01  1.51197E+01  2.87650E+01 -7.08186E+00  0.00000E+00  0.00000E+00  0.00000E+00  0.00000E+00 -7.28315E+01 -5.06967E+01 -1.42684E+02 -2.70021E+01  1.05811E+02  3.36003E+01  3.98807E+01 -8.32104E+01  2.47505E+01 -2.20516E+01 -3.71972E+01  4.61751E+01 -5.00845E+01  8.13237E+01  6.16068E+01  1.44934E+02  8.56892E+02  3.70972E+01  1.80049E+02  5.60834E+01 -1.74561E+01  2.01662E+02  3.11699E+02 -2.07012E+01  5.15168E+01  1.04478E+02 -3.14830E+02 -1.12767E+02 -2.29339E+00  7.60104E+01  1.48677E+01  7.93015E+00  3.56611E+01  1.44622E+02 -8.69911E+01 -4.83764E+00  0.00000E+00  0.00000E+00  0.00000E+00  0.00000E+00  0.00000E+00  0.00000E+00  0.00000E+00  0.00000E+00  0.00000E+00  0.00000E+00  0.00000E+00  0.00000E+00  0.00000E+00  0.00000E+00  0.00000E+00  0.00000E+00  0.00000E+00  0.00000E+00  0.00000E+00  0.00000E+00  0.00000E+00  0.00000E+00  0.00000E+00  0.00000E+00  0.00000E+00  0.00000E+00  0.00000E+00  0.00000E+00  0.00000E+00  0.00000E+00
 OMEGA(6,3)   -1.70774E+01 -4.78873E+00  3.04192E+00 -3.56999E+00 -1.20380E+01  1.50906E+01  4.90544E+01  2.90726E+01 -3.31477E+01 -3.41075E+01 -1.43380E+01  0.00000E+00  0.00000E+00  0.00000E+00  0.00000E+00  2.57726E+01  5.43770E+01 -5.90803E+00 -7.18855E+01 -9.27908E+01 -8.42720E+00  1.46643E+02 -7.59031E+01  3.62326E+01 -1.77056E+01 -9.98149E+00 -5.01771E+01  7.50701E+01 -1.00648E+02 -2.47572E+01  6.07548E+01  3.70972E+01  9.51569E+02  1.47039E+02 -3.25672E+02 -8.68890E+01 -5.42178E+01 -3.39431E+01  1.53219E+02  3.52534E+01 -1.04146E+02 -5.79643E+01  2.21236E+01  6.72617E+01  9.59897E+01  1.19567E+02 -3.63840E+01  1.15068E+01  1.82393E+00 -3.19880E+01 -6.39082E+01  0.00000E+00  0.00000E+00  0.00000E+00  0.00000E+00  0.00000E+00  0.00000E+00  0.00000E+00  0.00000E+00  0.00000E+00  0.00000E+00  0.00000E+00  0.00000E+00  0.00000E+00  0.00000E+00  0.00000E+00  0.00000E+00  0.00000E+00  0.00000E+00  0.00000E+00  0.00000E+00  0.00000E+00  0.00000E+00  0.00000E+00  0.00000E+00  0.00000E+00  0.00000E+00  0.00000E+00  0.00000E+00  0.00000E+00  0.00000E+00
 OMEGA(6,4)    5.69673E+00 -1.20992E+01  1.18479E+01 -1.78883E+00 -2.35809E+01  1.73146E+01  2.86056E+01  4.12968E+00 -4.94211E+01 -3.47920E+01 -1.01438E+01  0.00000E+00  0.00000E+00  0.00000E+00  0.00000E+00  4.03097E+01 -5.00115E+01 -8.25318E+01  7.59313E+01 -8.26817E+00  1.24770E+01 -2.64899E+01 -1.14467E+02 -3.70762E+01  1.22361E+01 -6.31846E+01  1.98727E+01  8.63981E+00  7.11924E+01 -2.51391E+01 -2.18463E+02  1.80049E+02  1.47039E+02  6.59281E+02  5.47156E+01  8.28348E+01 -9.41016E+00  1.04615E+02 -2.90390E+01  1.42720E+02  5.02349E+01  1.84097E+02  9.77450E+00 -5.82203E+01  8.25295E+01 -2.97708E+01  3.91483E+01  1.36397E+01  4.00292E+01 -4.04809E+01  3.50035E+01  0.00000E+00  0.00000E+00  0.00000E+00  0.00000E+00  0.00000E+00  0.00000E+00  0.00000E+00  0.00000E+00  0.00000E+00  0.00000E+00  0.00000E+00  0.00000E+00  0.00000E+00  0.00000E+00  0.00000E+00  0.00000E+00  0.00000E+00  0.00000E+00  0.00000E+00  0.00000E+00  0.00000E+00  0.00000E+00  0.00000E+00  0.00000E+00  0.00000E+00  0.00000E+00  0.00000E+00  0.00000E+00  0.00000E+00  0.00000E+00
 OMEGA(6,5)    4.69675E+00 -1.43157E+01  1.08850E+00  8.62540E+00  2.02646E+01 -3.18422E+01 -1.71669E+01 -1.92732E+01  3.00157E+01  5.40435E+01 -1.02427E+01  0.00000E+00  0.00000E+00  0.00000E+00  0.00000E+00 -1.58398E+01 -8.21094E+01 -2.84484E+01  5.20846E+01  4.21267E+01  1.80284E+01 -1.03652E+02  4.56212E+01 -8.66491E+01  1.75399E+01  1.02839E-02  5.77208E+01 -9.48291E+01  5.74632E+01 -3.02001E+01 -1.31300E+02  5.60834E+01 -3.25672E+02  5.47156E+01  8.79492E+02 -3.01181E+01  7.17725E+01  1.44542E+02 -7.46216E+01  7.40047E+01  1.71294E+02 -1.10964E+02 -8.54097E+01 -7.60108E+00 -9.55160E+01 -4.89162E+01 -3.55164E+01  3.83264E+01  1.73759E+01  4.42637E+01  5.34533E+01  0.00000E+00  0.00000E+00  0.00000E+00  0.00000E+00  0.00000E+00  0.00000E+00  0.00000E+00  0.00000E+00  0.00000E+00  0.00000E+00  0.00000E+00  0.00000E+00  0.00000E+00  0.00000E+00  0.00000E+00  0.00000E+00  0.00000E+00  0.00000E+00  0.00000E+00  0.00000E+00  0.00000E+00  0.00000E+00  0.00000E+00  0.00000E+00  0.00000E+00  0.00000E+00  0.00000E+00  0.00000E+00  0.00000E+00  0.00000E+00
 OMEGA(6,6)    1.16787E+01  8.87911E+00  3.26712E+01  1.03751E+01 -5.10834E+01  1.56376E+01 -1.66589E+01 -3.55994E+00  1.18902E+01  2.03313E+00 -5.93781E+01  0.00000E+00  0.00000E+00  0.00000E+00  0.00000E+00 -1.00829E+02 -1.38178E+01  3.63389E+00 -2.52462E+00 -4.26548E+01 -8.15041E+01  5.61819E+01 -2.39614E+01 -3.89691E+00 -3.75167E+01 -8.55453E+01  2.24880E+01 -5.95514E+01  2.23897E-01  1.34195E+01 -2.37416E+01 -1.74561E+01 -8.68890E+01  8.28348E+01 -3.01181E+01  7.68568E+02 -8.39900E-01 -3.95868E+01  1.17211E+01  5.33691E+01 -2.65392E+01  5.14710E+01  5.83229E+00 -1.98954E+00  6.10798E+01  4.40145E+01  9.27152E+01  1.35722E+02  6.12753E+01 -4.65635E+01 -5.88552E+00  0.00000E+00  0.00000E+00  0.00000E+00  0.00000E+00  0.00000E+00  0.00000E+00  0.00000E+00  0.00000E+00  0.00000E+00  0.00000E+00  0.00000E+00  0.00000E+00  0.00000E+00  0.00000E+00  0.00000E+00  0.00000E+00  0.00000E+00  0.00000E+00  0.00000E+00  0.00000E+00  0.00000E+00  0.00000E+00  0.00000E+00  0.00000E+00  0.00000E+00  0.00000E+00  0.00000E+00  0.00000E+00  0.00000E+00  0.00000E+00
