TABLE NO.     1: NUTS Bayesian Analysis: Problem=1 Subproblem=0 Superproblem1=0 Iteration1=0 Superproblem2=0 Iteration2=0
 NAME         THETA1       THETA2       THETA3       THETA4       THETA5       THETA6       THETA7       THETA8       THETA9       THETA10      THETA11      THETA12      SIGMA(1,1)   SIGMA(2,1)   SIGMA(2,2)   OMEGA(1,1)   OMEGA(2,1)   OMEGA(2,2)   OMEGA(3,1)   OMEGA(3,2)   OMEGA(3,3)   OMEGA(4,1)   OMEGA(4,2)   OMEGA(4,3)   OMEGA(4,4)   OMEGA(5,1)   OMEGA(5,2)   OMEGA(5,3)   OMEGA(5,4)   OMEGA(5,5)   OMEGA(6,1)   OMEGA(6,2)   OMEGA(6,3)   OMEGA(6,4)   OMEGA(6,5)   OMEGA(6,6)   OMEGA(7,1)   OMEGA(7,2)   OMEGA(7,3)   OMEGA(7,4)   OMEGA(7,5)   OMEGA(7,6)   OMEGA(7,7)   OMEGA(8,1)   OMEGA(8,2)   OMEGA(8,3)   OMEGA(8,4)   OMEGA(8,5)   OMEGA(8,6)   OMEGA(8,7)   OMEGA(8,8)   OMEGA(9,1)   OMEGA(9,2)   OMEGA(9,3)   OMEGA(9,4)   OMEGA(9,5)   OMEGA(9,6)   OMEGA(9,7)   OMEGA(9,8)   OMEGA(9,9)   OMEGA(10,1)  OMEGA(10,2)  OMEGA(10,3)  OMEGA(10,4)  OMEGA(10,5)  OMEGA(10,6)  OMEGA(10,7)  OMEGA(10,8)  OMEGA(10,9)  OMEGA(10,10) OMEGA(11,1)  OMEGA(11,2)  OMEGA(11,3)  OMEGA(11,4)  OMEGA(11,5)  OMEGA(11,6)  OMEGA(11,7)  OMEGA(11,8)  OMEGA(11,9)  OMEGA(11,10) OMEGA(11,11)
 THETA1        2.09025E-02 -1.82605E-03  2.26261E-03  5.26679E-03  2.58746E-03  3.57982E-04  1.29196E-03  4.10192E-03 -1.15309E-04 -2.91563E-04  8.57999E-05  0.00000E+00  0.00000E+00  0.00000E+00  0.00000E+00 -1.26238E-03 -1.50382E-03 -1.84277E-03  1.16958E-03  5.25271E-04 -1.83974E-03 -8.76001E-04 -3.19830E-04  5.71728E-04 -1.91213E-03  1.17324E-04 -5.63845E-04  2.71098E-04 -1.39261E-04 -8.05304E-05  2.89195E-05 -2.21315E-04  1.88419E-04 -2.60595E-04  1.85018E-04 -6.46573E-04 -1.79149E-03 -6.69807E-04  6.15339E-04 -2.85947E-04 -6.80792E-04 -9.09083E-05 -4.89864E-04  4.91005E-04 -2.29532E-04 -4.57717E-04  2.03208E-04  2.39053E-04  3.27271E-04 -5.90482E-04 -4.16583E-04  0.00000E+00  0.00000E+00  0.00000E+00  0.00000E+00  0.00000E+00  0.00000E+00  0.00000E+00  0.00000E+00  0.00000E+00  0.00000E+00  0.00000E+00  0.00000E+00  0.00000E+00  0.00000E+00  0.00000E+00  0.00000E+00  0.00000E+00  0.00000E+00  0.00000E+00  0.00000E+00  0.00000E+00  0.00000E+00  0.00000E+00  0.00000E+00  0.00000E+00  0.00000E+00  0.00000E+00  0.00000E+00  0.00000E+00  0.00000E+00
 THETA2       -1.82605E-03  2.87660E-02 -4.02268E-03 -4.08711E-03 -3.39720E-04  2.43461E-03  6.45402E-03 -2.28687E-03  7.74255E-04 -6.73121E-04 -7.46863E-05  0.00000E+00  0.00000E+00  0.00000E+00  0.00000E+00  3.79113E-05 -1.08177E-03 -3.53947E-03  1.63754E-03  1.13938E-03 -2.27651E-03 -1.12647E-03 -1.27840E-03  2.35380E-03 -2.61610E-03  1.22709E-03 -2.23880E-04 -7.26474E-04  7.50150E-04  3.15527E-04 -4.69510E-04  3.74555E-04  2.75824E-04 -2.61943E-04  6.00398E-04 -4.20575E-04 -2.55245E-05 -2.02438E-03  8.54779E-04  1.06420E-04 -9.37297E-05  9.68658E-05 -1.48559E-03  1.07823E-03 -1.14646E-03  1.47670E-04  5.80293E-04  8.76883E-04  6.40208E-04  1.44236E-04  9.47905E-04  0.00000E+00  0.00000E+00  0.00000E+00  0.00000E+00  0.00000E+00  0.00000E+00  0.00000E+00  0.00000E+00  0.00000E+00  0.00000E+00  0.00000E+00  0.00000E+00  0.00000E+00  0.00000E+00  0.00000E+00  0.00000E+00  0.00000E+00  0.00000E+00  0.00000E+00  0.00000E+00  0.00000E+00  0.00000E+00  0.00000E+00  0.00000E+00  0.00000E+00  0.00000E+00  0.00000E+00  0.00000E+00  0.00000E+00  0.00000E+00
 THETA3        2.26261E-03 -4.02268E-03  3.36707E-02 -7.17323E-04  2.36995E-02  1.66271E-03 -2.41684E-03  2.83351E-03 -1.00152E-03  2.79130E-05  2.93721E-04  0.00000E+00  0.00000E+00  0.00000E+00  0.00000E+00  1.98726E-03 -1.13109E-04  2.32782E-03 -2.46438E-03  2.53969E-04  1.63954E-03  2.60347E-03 -1.01781E-03 -2.44278E-03  2.25589E-03 -1.11444E-03  4.42394E-04 -3.83452E-04 -1.42106E-04 -6.90021E-05  3.24943E-04  1.72274E-04 -2.68478E-04  1.18469E-04 -3.72087E-04  3.98393E-04 -3.62277E-04  7.04030E-04 -1.39833E-03 -2.90085E-04 -5.89602E-04  1.85133E-04 -4.10838E-05  4.81516E-04  6.13406E-04 -3.24242E-04  1.07431E-04 -8.83529E-04 -3.69574E-05  1.44938E-04  3.82922E-04  0.00000E+00  0.00000E+00  0.00000E+00  0.00000E+00  0.00000E+00  0.00000E+00  0.00000E+00  0.00000E+00  0.00000E+00  0.00000E+00  0.00000E+00  0.00000E+00  0.00000E+00  0.00000E+00  0.00000E+00  0.00000E+00  0.00000E+00  0.00000E+00  0.00000E+00  0.00000E+00  0.00000E+00  0.00000E+00  0.00000E+00  0.00000E+00  0.00000E+00  0.00000E+00  0.00000E+00  0.00000E+00  0.00000E+00  0.00000E+00
 THETA4        5.26679E-03 -4.08711E-03 -7.17323E-04  2.44857E-02 -4.51916E-03 -1.10437E-03 -8.78362E-04  2.93763E-03 -1.79635E-03 -8.95696E-05 -7.49462E-04  0.00000E+00  0.00000E+00  0.00000E+00  0.00000E+00 -5.99160E-04 -1.00298E-03  3.45923E-04  1.40795E-03 -1.26671E-04 -1.03196E-03 -1.94077E-03 -3.18766E-03  2.31472E-03 -2.76150E-03  6.31311E-04  1.84331E-04 -3.85999E-04  4.19450E-04 -4.49728E-04 -1.01367E-05 -3.29920E-04  1.85777E-04 -4.35154E-04 -1.06677E-04 -7.49644E-04 -3.03538E-04  2.06004E-04 -2.83956E-04 -1.25387E-03  3.95260E-04 -3.71991E-04  6.26546E-04  4.27232E-04 -1.74845E-04  1.55768E-06 -7.00203E-05  1.60984E-04  3.23537E-04 -2.59031E-04 -5.63695E-05  0.00000E+00  0.00000E+00  0.00000E+00  0.00000E+00  0.00000E+00  0.00000E+00  0.00000E+00  0.00000E+00  0.00000E+00  0.00000E+00  0.00000E+00  0.00000E+00  0.00000E+00  0.00000E+00  0.00000E+00  0.00000E+00  0.00000E+00  0.00000E+00  0.00000E+00  0.00000E+00  0.00000E+00  0.00000E+00  0.00000E+00  0.00000E+00  0.00000E+00  0.00000E+00  0.00000E+00  0.00000E+00  0.00000E+00  0.00000E+00
 THETA5        2.58746E-03 -3.39720E-04  2.36995E-02 -4.51916E-03  4.21769E-02 -2.03415E-04  2.27606E-05 -6.20530E-05 -1.52967E-03 -8.17984E-04  4.84174E-04  0.00000E+00  0.00000E+00  0.00000E+00  0.00000E+00  1.77915E-04 -2.22806E-04  1.68214E-03 -9.30755E-04  1.66993E-04  1.69123E-04  1.70549E-03 -8.74029E-04 -1.56128E-03 -2.78956E-04 -1.91309E-03 -3.91886E-04 -9.59810E-04 -4.82935E-04 -1.25049E-03 -7.76491E-05 -2.34670E-05 -8.93718E-06  5.87856E-04 -5.26157E-04  1.67583E-03 -2.38959E-04  5.11254E-04 -2.42328E-04 -6.99929E-05 -1.54451E-03  5.16726E-04 -3.15588E-05  6.89023E-04 -1.54980E-05 -3.33528E-04  3.74269E-04 -1.68731E-03 -1.40882E-04  3.65780E-04  1.46663E-03  0.00000E+00  0.00000E+00  0.00000E+00  0.00000E+00  0.00000E+00  0.00000E+00  0.00000E+00  0.00000E+00  0.00000E+00  0.00000E+00  0.00000E+00  0.00000E+00  0.00000E+00  0.00000E+00  0.00000E+00  0.00000E+00  0.00000E+00  0.00000E+00  0.00000E+00  0.00000E+00  0.00000E+00  0.00000E+00  0.00000E+00  0.00000E+00  0.00000E+00  0.00000E+00  0.00000E+00  0.00000E+00  0.00000E+00  0.00000E+00
 THETA6        3.57982E-04  2.43461E-03  1.66271E-03 -1.10437E-03 -2.03415E-04  1.07097E-02 -1.57085E-03 -1.37055E-03  1.46519E-03  7.93363E-04  5.86338E-04  0.00000E+00  0.00000E+00  0.00000E+00  0.00000E+00  1.07646E-03 -5.73273E-04 -1.00898E-03 -2.20255E-04  1.06885E-03  2.56379E-05 -4.49015E-05 -1.21836E-03 -6.26418E-04  2.71644E-04  2.79229E-05  1.44057E-04  1.92662E-04 -2.42224E-04  1.83147E-04 -3.02813E-04 -9.26959E-04  5.11787E-05 -5.52145E-05  3.53884E-04 -1.08077E-04 -1.68428E-04  7.04546E-05  2.28873E-04 -5.26293E-04  6.79830E-05 -5.62115E-04  8.01215E-04  4.50471E-04  4.83979E-04 -1.87166E-04 -1.97887E-04  2.18157E-04 -2.15348E-04  2.01671E-04 -5.60542E-04  0.00000E+00  0.00000E+00  0.00000E+00  0.00000E+00  0.00000E+00  0.00000E+00  0.00000E+00  0.00000E+00  0.00000E+00  0.00000E+00  0.00000E+00  0.00000E+00  0.00000E+00  0.00000E+00  0.00000E+00  0.00000E+00  0.00000E+00  0.00000E+00  0.00000E+00  0.00000E+00  0.00000E+00  0.00000E+00  0.00000E+00  0.00000E+00  0.00000E+00  0.00000E+00  0.00000E+00  0.00000E+00  0.00000E+00  0.00000E+00
 THETA7        1.29196E-03  6.45402E-03 -2.41684E-03 -8.78362E-04  2.27606E-05 -1.57085E-03  1.33739E-02  9.36604E-04 -1.50672E-03 -3.66755E-04 -7.94119E-05  0.00000E+00  0.00000E+00  0.00000E+00  0.00000E+00 -1.78246E-03 -2.31305E-04 -2.02440E-03  1.31711E-04  7.52846E-04 -7.79404E-04 -1.12939E-03 -1.03143E-04  5.32900E-04 -1.63704E-03 -3.32403E-04  4.84393E-05 -2.71618E-04  5.35009E-04 -9.41328E-04  6.24736E-04  3.39614E-04 -3.86264E-04 -6.17514E-04  3.57829E-04 -5.44691E-05 -7.24857E-04 -1.07693E-03  9.25274E-04 -1.77005E-04  1.50685E-05  4.44706E-04 -1.60001E-03 -8.36374E-04  4.64691E-04 -2.56696E-04  2.19159E-04  2.56872E-04  1.73950E-04  2.51627E-04 -6.13453E-04  0.00000E+00  0.00000E+00  0.00000E+00  0.00000E+00  0.00000E+00  0.00000E+00  0.00000E+00  0.00000E+00  0.00000E+00  0.00000E+00  0.00000E+00  0.00000E+00  0.00000E+00  0.00000E+00  0.00000E+00  0.00000E+00  0.00000E+00  0.00000E+00  0.00000E+00  0.00000E+00  0.00000E+00  0.00000E+00  0.00000E+00  0.00000E+00  0.00000E+00  0.00000E+00  0.00000E+00  0.00000E+00  0.00000E+00  0.00000E+00
 THETA8        4.10192E-03 -2.28687E-03  2.83351E-03  2.93763E-03 -6.20530E-05 -1.37055E-03  9.36604E-04  2.31400E-02  2.36347E-03 -8.28347E-04 -3.79873E-04  0.00000E+00  0.00000E+00  0.00000E+00  0.00000E+00 -9.66526E-04 -6.54509E-04 -6.44384E-04  8.79391E-04 -7.65537E-04 -1.16197E-03 -5.99226E-04  5.11235E-04  1.57684E-03 -1.16924E-03 -9.20166E-04 -1.80762E-04 -1.30292E-03 -1.39179E-04 -7.50181E-04  1.44458E-04  5.75437E-04 -4.25919E-04 -6.56059E-05  8.14819E-05 -5.47273E-04 -7.51221E-04 -4.38442E-04 -1.19028E-03  4.98328E-05 -6.68803E-04  3.16362E-04 -8.00377E-04 -3.36240E-04 -1.32972E-03  8.35745E-04 -4.50825E-04 -4.42250E-04  2.51129E-04 -1.12825E-03  9.07292E-06  0.00000E+00  0.00000E+00  0.00000E+00  0.00000E+00  0.00000E+00  0.00000E+00  0.00000E+00  0.00000E+00  0.00000E+00  0.00000E+00  0.00000E+00  0.00000E+00  0.00000E+00  0.00000E+00  0.00000E+00  0.00000E+00  0.00000E+00  0.00000E+00  0.00000E+00  0.00000E+00  0.00000E+00  0.00000E+00  0.00000E+00  0.00000E+00  0.00000E+00  0.00000E+00  0.00000E+00  0.00000E+00  0.00000E+00  0.00000E+00
 THETA9       -1.15309E-04  7.74255E-04 -1.00152E-03 -1.79635E-03 -1.52967E-03  1.46519E-03 -1.50672E-03  2.36347E-03  7.94724E-03 -2.67116E-04  6.66690E-04  0.00000E+00  0.00000E+00  0.00000E+00  0.00000E+00  7.11220E-04 -1.74799E-04 -2.51280E-04  1.69375E-04  3.00783E-04  3.76050E-05  9.95579E-05  1.33664E-04 -1.20196E-04  9.16016E-04  5.27634E-04 -4.04007E-05  5.88318E-04 -4.19741E-04  7.65285E-04 -3.92644E-05 -1.19740E-04  1.19046E-04  5.34830E-04 -1.92769E-05 -7.21259E-05  3.42086E-04 -1.93517E-04 -3.36875E-04  4.44279E-04 -1.95723E-04  3.36954E-04  8.27558E-05  8.31647E-05 -4.08113E-04  2.90019E-04 -2.45655E-04  3.68548E-04  2.66875E-05 -2.28060E-04 -5.46180E-04  0.00000E+00  0.00000E+00  0.00000E+00  0.00000E+00  0.00000E+00  0.00000E+00  0.00000E+00  0.00000E+00  0.00000E+00  0.00000E+00  0.00000E+00  0.00000E+00  0.00000E+00  0.00000E+00  0.00000E+00  0.00000E+00  0.00000E+00  0.00000E+00  0.00000E+00  0.00000E+00  0.00000E+00  0.00000E+00  0.00000E+00  0.00000E+00  0.00000E+00  0.00000E+00  0.00000E+00  0.00000E+00  0.00000E+00  0.00000E+00
 THETA10      -2.91563E-04 -6.73121E-04  2.79130E-05 -8.95696E-05 -8.17984E-04  7.93363E-04 -3.66755E-04 -8.28347E-04 -2.67116E-04  2.10155E-03  1.35206E-05  0.00000E+00  0.00000E+00  0.00000E+00  0.00000E+00 -3.33142E-05 -2.49424E-04  2.81046E-04  7.05294E-05  1.09475E-04  5.08482E-04  1.43327E-04 -3.21221E-04 -5.46728E-05  3.94110E-04  4.71711E-05  1.57459E-05  3.06859E-04  7.15058E-05  5.75518E-05  1.36387E-04 -1.62910E-04 -2.27403E-05  1.22638E-04 -8.32047E-05 -2.31457E-05 -1.29627E-04  7.37224E-05  2.27550E-04 -1.59899E-04  3.45944E-04 -5.20862E-05  2.82842E-04  2.06139E-04  2.19171E-05  2.57633E-04  1.65982E-04  9.09151E-05 -1.72450E-04  2.88239E-05  2.28835E-04  0.00000E+00  0.00000E+00  0.00000E+00  0.00000E+00  0.00000E+00  0.00000E+00  0.00000E+00  0.00000E+00  0.00000E+00  0.00000E+00  0.00000E+00  0.00000E+00  0.00000E+00  0.00000E+00  0.00000E+00  0.00000E+00  0.00000E+00  0.00000E+00  0.00000E+00  0.00000E+00  0.00000E+00  0.00000E+00  0.00000E+00  0.00000E+00  0.00000E+00  0.00000E+00  0.00000E+00  0.00000E+00  0.00000E+00  0.00000E+00
 THETA11       8.57999E-05 -7.46863E-05  2.93721E-04 -7.49462E-04  4.84174E-04  5.86338E-04 -7.94119E-05 -3.79873E-04  6.66690E-04  1.35206E-05  3.60197E-03  0.00000E+00  0.00000E+00  0.00000E+00  0.00000E+00 -1.55544E-04  1.08584E-04 -3.53709E-04  5.29070E-05  9.62879E-05  5.86528E-04  2.51708E-04  1.20669E-05 -4.26271E-04  5.80949E-04  3.04627E-06  7.43167E-05  2.43875E-04 -2.46222E-05 -2.82114E-05 -5.08083E-05 -2.21567E-05  1.70387E-04 -1.95892E-04  6.11312E-05  3.45574E-04  1.46009E-04 -3.84123E-04 -2.25240E-04  6.50207E-04 -9.48084E-05  3.72628E-05 -3.98647E-04 -3.62132E-04  2.14343E-04 -5.90785E-05 -1.31346E-04 -2.16358E-05 -1.36980E-04 -9.01787E-05 -1.77893E-05  0.00000E+00  0.00000E+00  0.00000E+00  0.00000E+00  0.00000E+00  0.00000E+00  0.00000E+00  0.00000E+00  0.00000E+00  0.00000E+00  0.00000E+00  0.00000E+00  0.00000E+00  0.00000E+00  0.00000E+00  0.00000E+00  0.00000E+00  0.00000E+00  0.00000E+00  0.00000E+00  0.00000E+00  0.00000E+00  0.00000E+00  0.00000E+00  0.00000E+00  0.00000E+00  0.00000E+00  0.00000E+00  0.00000E+00  0.00000E+00
 THETA12       0.00000E+00  0.00000E+00  0.00000E+00  0.00000E+00  0.00000E+00  0.00000E+00  0.00000E+00  0.00000E+00  0.00000E+00  0.00000E+00  0.00000E+00  0.00000E+00  0.00000E+00  0.00000E+00  0.00000E+00  0.00000E+00  0.00000E+00  0.00000E+00  0.00000E+00  0.00000E+00  0.00000E+00  0.00000E+00  0.00000E+00  0.00000E+00  0.00000E+00  0.00000E+00  0.00000E+00  0.00000E+00  0.00000E+00  0.00000E+00  0.00000E+00  0.00000E+00  0.00000E+00  0.00000E+00  0.00000E+00  0.00000E+00  0.00000E+00  0.00000E+00  0.00000E+00  0.00000E+00  0.00000E+00  0.00000E+00  0.00000E+00  0.00000E+00  0.00000E+00  0.00000E+00  0.00000E+00  0.00000E+00  0.00000E+00  0.00000E+00  0.00000E+00  0.00000E+00  0.00000E+00  0.00000E+00  0.00000E+00  0.00000E+00  0.00000E+00  0.00000E+00  0.00000E+00  0.00000E+00  0.00000E+00  0.00000E+00  0.00000E+00  0.00000E+00  0.00000E+00  0.00000E+00  0.00000E+00  0.00000E+00  0.00000E+00  0.00000E+00  0.00000E+00  0.00000E+00  0.00000E+00  0.00000E+00  0.00000E+00  0.00000E+00  0.00000E+00  0.00000E+00  0.00000E+00  0.00000E+00  0.00000E+00
 SIGMA(1,1)    0.00000E+00  0.00000E+00  0.00000E+00  0.00000E+00  0.00000E+00  0.00000E+00  0.00000E+00  0.00000E+00  0.00000E+00  0.00000E+00  0.00000E+00  0.00000E+00  0.00000E+00  0.00000E+00  0.00000E+00  0.00000E+00  0.00000E+00  0.00000E+00  0.00000E+00  0.00000E+00  0.00000E+00  0.00000E+00  0.00000E+00  0.00000E+00  0.00000E+00  0.00000E+00  0.00000E+00  0.00000E+00  0.00000E+00  0.00000E+00  0.00000E+00  0.00000E+00  0.00000E+00  0.00000E+00  0.00000E+00  0.00000E+00  0.00000E+00  0.00000E+00  0.00000E+00  0.00000E+00  0.00000E+00  0.00000E+00  0.00000E+00  0.00000E+00  0.00000E+00  0.00000E+00  0.00000E+00  0.00000E+00  0.00000E+00  0.00000E+00  0.00000E+00  0.00000E+00  0.00000E+00  0.00000E+00  0.00000E+00  0.00000E+00  0.00000E+00  0.00000E+00  0.00000E+00  0.00000E+00  0.00000E+00  0.00000E+00  0.00000E+00  0.00000E+00  0.00000E+00  0.00000E+00  0.00000E+00  0.00000E+00  0.00000E+00  0.00000E+00  0.00000E+00  0.00000E+00  0.00000E+00  0.00000E+00  0.00000E+00  0.00000E+00  0.00000E+00  0.00000E+00  0.00000E+00  0.00000E+00  0.00000E+00
 SIGMA(2,1)    0.00000E+00  0.00000E+00  0.00000E+00  0.00000E+00  0.00000E+00  0.00000E+00  0.00000E+00  0.00000E+00  0.00000E+00  0.00000E+00  0.00000E+00  0.00000E+00  0.00000E+00  0.00000E+00  0.00000E+00  0.00000E+00  0.00000E+00  0.00000E+00  0.00000E+00  0.00000E+00  0.00000E+00  0.00000E+00  0.00000E+00  0.00000E+00  0.00000E+00  0.00000E+00  0.00000E+00  0.00000E+00  0.00000E+00  0.00000E+00  0.00000E+00  0.00000E+00  0.00000E+00  0.00000E+00  0.00000E+00  0.00000E+00  0.00000E+00  0.00000E+00  0.00000E+00  0.00000E+00  0.00000E+00  0.00000E+00  0.00000E+00  0.00000E+00  0.00000E+00  0.00000E+00  0.00000E+00  0.00000E+00  0.00000E+00  0.00000E+00  0.00000E+00  0.00000E+00  0.00000E+00  0.00000E+00  0.00000E+00  0.00000E+00  0.00000E+00  0.00000E+00  0.00000E+00  0.00000E+00  0.00000E+00  0.00000E+00  0.00000E+00  0.00000E+00  0.00000E+00  0.00000E+00  0.00000E+00  0.00000E+00  0.00000E+00  0.00000E+00  0.00000E+00  0.00000E+00  0.00000E+00  0.00000E+00  0.00000E+00  0.00000E+00  0.00000E+00  0.00000E+00  0.00000E+00  0.00000E+00  0.00000E+00
 SIGMA(2,2)    0.00000E+00  0.00000E+00  0.00000E+00  0.00000E+00  0.00000E+00  0.00000E+00  0.00000E+00  0.00000E+00  0.00000E+00  0.00000E+00  0.00000E+00  0.00000E+00  0.00000E+00  0.00000E+00  0.00000E+00  0.00000E+00  0.00000E+00  0.00000E+00  0.00000E+00  0.00000E+00  0.00000E+00  0.00000E+00  0.00000E+00  0.00000E+00  0.00000E+00  0.00000E+00  0.00000E+00  0.00000E+00  0.00000E+00  0.00000E+00  0.00000E+00  0.00000E+00  0.00000E+00  0.00000E+00  0.00000E+00  0.00000E+00  0.00000E+00  0.00000E+00  0.00000E+00  0.00000E+00  0.00000E+00  0.00000E+00  0.00000E+00  0.00000E+00  0.00000E+00  0.00000E+00  0.00000E+00  0.00000E+00  0.00000E+00  0.00000E+00  0.00000E+00  0.00000E+00  0.00000E+00  0.00000E+00  0.00000E+00  0.00000E+00  0.00000E+00  0.00000E+00  0.00000E+00  0.00000E+00  0.00000E+00  0.00000E+00  0.00000E+00  0.00000E+00  0.00000E+00  0.00000E+00  0.00000E+00  0.00000E+00  0.00000E+00  0.00000E+00  0.00000E+00  0.00000E+00  0.00000E+00  0.00000E+00  0.00000E+00  0.00000E+00  0.00000E+00  0.00000E+00  0.00000E+00  0.00000E+00  0.00000E+00
 OMEGA(1,1)   -1.26238E-03  3.79113E-05  1.98726E-03 -5.99160E-04  1.77915E-04  1.07646E-03 -1.78246E-03 -9.66526E-04  7.11220E-04 -3.33142E-05 -1.55544E-04  0.00000E+00  0.00000E+00  0.00000E+00  0.00000E+00  5.92621E-03 -5.75693E-04  1.07904E-03 -4.10848E-04 -3.19356E-04  1.16240E-03  2.56500E-03 -1.62281E-05 -1.15954E-03  1.44203E-03  1.41040E-03 -2.87147E-04  4.33654E-04  3.84796E-05  1.64699E-03 -1.21610E-04  2.33328E-04 -3.83768E-04  1.73447E-04 -5.03633E-05  6.00023E-04  8.69005E-04  1.30673E-04  5.50666E-06  1.69795E-04  2.57394E-05 -4.64545E-04  8.42086E-04  1.49206E-03 -7.67293E-04  5.75345E-04  3.64515E-04  7.51887E-04  1.94434E-04  2.12296E-04  1.23411E-03  0.00000E+00  0.00000E+00  0.00000E+00  0.00000E+00  0.00000E+00  0.00000E+00  0.00000E+00  0.00000E+00  0.00000E+00  0.00000E+00  0.00000E+00  0.00000E+00  0.00000E+00  0.00000E+00  0.00000E+00  0.00000E+00  0.00000E+00  0.00000E+00  0.00000E+00  0.00000E+00  0.00000E+00  0.00000E+00  0.00000E+00  0.00000E+00  0.00000E+00  0.00000E+00  0.00000E+00  0.00000E+00  0.00000E+00  0.00000E+00
 OMEGA(2,1)   -1.50382E-03 -1.08177E-03 -1.13109E-04 -1.00298E-03 -2.22806E-04 -5.73273E-04 -2.31305E-04 -6.54509E-04 -1.74799E-04 -2.49424E-04  1.08584E-04  0.00000E+00  0.00000E+00  0.00000E+00  0.00000E+00 -5.75693E-04  3.64735E-03 -5.58785E-04 -6.11846E-04 -1.56287E-03  3.37056E-04 -5.43725E-04  2.31111E-03 -6.18703E-04  7.80603E-04  3.49464E-04  6.78842E-06 -1.80996E-04 -4.67345E-05 -2.62251E-04  1.73077E-04  1.26806E-04 -4.61600E-05  2.88634E-04 -6.98345E-05  1.31612E-04  9.82888E-04  3.62259E-04 -7.00844E-04  8.29079E-04  1.56636E-05  2.04450E-04  4.62080E-06 -1.03570E-03  3.52569E-04  1.03190E-04 -5.21420E-04 -4.11335E-05 -1.57374E-04 -1.25522E-04 -7.43059E-04  0.00000E+00  0.00000E+00  0.00000E+00  0.00000E+00  0.00000E+00  0.00000E+00  0.00000E+00  0.00000E+00  0.00000E+00  0.00000E+00  0.00000E+00  0.00000E+00  0.00000E+00  0.00000E+00  0.00000E+00  0.00000E+00  0.00000E+00  0.00000E+00  0.00000E+00  0.00000E+00  0.00000E+00  0.00000E+00  0.00000E+00  0.00000E+00  0.00000E+00  0.00000E+00  0.00000E+00  0.00000E+00  0.00000E+00  0.00000E+00
 OMEGA(2,2)   -1.84277E-03 -3.53947E-03  2.32782E-03  3.45923E-04  1.68214E-03 -1.00898E-03 -2.02440E-03 -6.44384E-04 -2.51280E-04  2.81046E-04 -3.53709E-04  0.00000E+00  0.00000E+00  0.00000E+00  0.00000E+00  1.07904E-03 -5.58785E-04  9.06417E-03 -1.46584E-03 -9.79615E-04  1.53712E-03  1.38949E-03 -2.24869E-03 -1.15061E-03  2.28550E-03 -3.30312E-04  7.02214E-04  1.06818E-05 -9.08900E-04  4.49673E-04  6.23194E-05  2.25163E-04 -2.16608E-04  6.60355E-04 -4.01089E-04  4.22559E-04  1.35964E-04  2.95952E-03 -8.95336E-04 -8.46645E-04  4.99780E-04 -4.50010E-04  1.56856E-03 -2.27355E-04 -9.11923E-04  2.96577E-05 -4.50580E-04 -4.03783E-04 -1.03543E-04 -5.05923E-04  5.10424E-04  0.00000E+00  0.00000E+00  0.00000E+00  0.00000E+00  0.00000E+00  0.00000E+00  0.00000E+00  0.00000E+00  0.00000E+00  0.00000E+00  0.00000E+00  0.00000E+00  0.00000E+00  0.00000E+00  0.00000E+00  0.00000E+00  0.00000E+00  0.00000E+00  0.00000E+00  0.00000E+00  0.00000E+00  0.00000E+00  0.00000E+00  0.00000E+00  0.00000E+00  0.00000E+00  0.00000E+00  0.00000E+00  0.00000E+00  0.00000E+00
 OMEGA(3,1)    1.16958E-03  1.63754E-03 -2.46438E-03  1.40795E-03 -9.30755E-04 -2.20255E-04  1.31711E-04  8.79391E-04  1.69375E-04  7.05294E-05  5.29070E-05  0.00000E+00  0.00000E+00  0.00000E+00  0.00000E+00 -4.10848E-04 -6.11846E-04 -1.46584E-03  3.83104E-03 -4.86543E-04 -2.26639E-03 -1.52554E-03 -3.97828E-04  3.21296E-03 -2.32192E-03  1.16957E-03 -5.70445E-04 -5.40088E-06  7.39785E-04  8.12401E-04 -3.21591E-04  1.18592E-05  4.38175E-04 -5.25512E-04  1.22468E-04 -3.52874E-04  1.48469E-04 -6.81318E-04 -1.61284E-04  3.60295E-04 -8.89802E-05  2.22171E-04 -7.18772E-04  1.08366E-03 -2.97730E-04  4.53792E-04  3.89291E-04  6.67378E-04  3.45405E-04 -2.77700E-04  4.21507E-04  0.00000E+00  0.00000E+00  0.00000E+00  0.00000E+00  0.00000E+00  0.00000E+00  0.00000E+00  0.00000E+00  0.00000E+00  0.00000E+00  0.00000E+00  0.00000E+00  0.00000E+00  0.00000E+00  0.00000E+00  0.00000E+00  0.00000E+00  0.00000E+00  0.00000E+00  0.00000E+00  0.00000E+00  0.00000E+00  0.00000E+00  0.00000E+00  0.00000E+00  0.00000E+00  0.00000E+00  0.00000E+00  0.00000E+00  0.00000E+00
 OMEGA(3,2)    5.25271E-04  1.13938E-03  2.53969E-04 -1.26671E-04  1.66993E-04  1.06885E-03  7.52846E-04 -7.65537E-04  3.00783E-04  1.09475E-04  9.62879E-05  0.00000E+00  0.00000E+00  0.00000E+00  0.00000E+00 -3.19356E-04 -1.56287E-03 -9.79615E-04 -4.86543E-04  4.18238E-03 -3.74944E-04 -4.23787E-04 -1.96202E-03 -7.12488E-04 -3.63000E-04 -3.95060E-04  1.11833E-03  2.67660E-04 -3.67094E-04 -5.13679E-04  2.26628E-05 -4.40051E-04  2.57408E-04 -1.93361E-04  1.30974E-04  1.25268E-04 -8.09123E-04 -6.21905E-04  1.63344E-03 -9.22306E-04  2.14018E-04 -1.21672E-04  1.07030E-04  6.31642E-05  5.12303E-04 -7.47249E-04  3.01534E-04 -1.93114E-04 -2.67615E-04  5.97185E-04 -4.23881E-05  0.00000E+00  0.00000E+00  0.00000E+00  0.00000E+00  0.00000E+00  0.00000E+00  0.00000E+00  0.00000E+00  0.00000E+00  0.00000E+00  0.00000E+00  0.00000E+00  0.00000E+00  0.00000E+00  0.00000E+00  0.00000E+00  0.00000E+00  0.00000E+00  0.00000E+00  0.00000E+00  0.00000E+00  0.00000E+00  0.00000E+00  0.00000E+00  0.00000E+00  0.00000E+00  0.00000E+00  0.00000E+00  0.00000E+00  0.00000E+00
 OMEGA(3,3)   -1.83974E-03 -2.27651E-03  1.63954E-03 -1.03196E-03  1.69123E-04  2.56379E-05 -7.79404E-04 -1.16197E-03  3.76050E-05  5.08482E-04  5.86528E-04  0.00000E+00  0.00000E+00  0.00000E+00  0.00000E+00  1.16240E-03  3.37056E-04  1.53712E-03 -2.26639E-03 -3.74944E-04  6.07267E-03  1.97384E-03  6.83301E-04 -2.90970E-03  2.47846E-03 -3.36100E-04  9.12113E-05  1.29718E-03 -4.25579E-05  8.77793E-04  5.55375E-04  8.74877E-05 -4.91160E-04  3.76695E-04  5.13152E-05  8.28593E-04 -4.32547E-04  7.12235E-04  8.09225E-04 -2.38426E-04  2.52270E-04  9.13645E-06  8.04066E-04 -5.39755E-04  1.86543E-04  7.93986E-04 -1.90293E-04 -1.58986E-04 -5.30078E-04  1.29604E-05  3.98159E-04  0.00000E+00  0.00000E+00  0.00000E+00  0.00000E+00  0.00000E+00  0.00000E+00  0.00000E+00  0.00000E+00  0.00000E+00  0.00000E+00  0.00000E+00  0.00000E+00  0.00000E+00  0.00000E+00  0.00000E+00  0.00000E+00  0.00000E+00  0.00000E+00  0.00000E+00  0.00000E+00  0.00000E+00  0.00000E+00  0.00000E+00  0.00000E+00  0.00000E+00  0.00000E+00  0.00000E+00  0.00000E+00  0.00000E+00  0.00000E+00
 OMEGA(4,1)   -8.76001E-04 -1.12647E-03  2.60347E-03 -1.94077E-03  1.70549E-03 -4.49015E-05 -1.12939E-03 -5.99226E-04  9.95579E-05  1.43327E-04  2.51708E-04  0.00000E+00  0.00000E+00  0.00000E+00  0.00000E+00  2.56500E-03 -5.43725E-04  1.38949E-03 -1.52554E-03 -4.23787E-04  1.97384E-03  4.76261E-03  1.54252E-04 -2.66507E-03  3.71951E-03 -4.94856E-04 -1.31199E-04  5.36835E-04 -3.91376E-05  7.02217E-04  1.43248E-04  1.91503E-04 -6.97031E-04  2.36774E-04  4.65984E-05  2.43423E-04 -2.77563E-04  3.10893E-04  3.14209E-04  1.12931E-04 -1.44951E-04 -1.17829E-04  2.89717E-04  2.62203E-04 -3.98241E-04 -5.25387E-05  4.32108E-04 -6.99499E-05  1.03181E-04 -1.68595E-04  7.96055E-04  0.00000E+00  0.00000E+00  0.00000E+00  0.00000E+00  0.00000E+00  0.00000E+00  0.00000E+00  0.00000E+00  0.00000E+00  0.00000E+00  0.00000E+00  0.00000E+00  0.00000E+00  0.00000E+00  0.00000E+00  0.00000E+00  0.00000E+00  0.00000E+00  0.00000E+00  0.00000E+00  0.00000E+00  0.00000E+00  0.00000E+00  0.00000E+00  0.00000E+00  0.00000E+00  0.00000E+00  0.00000E+00  0.00000E+00  0.00000E+00
 OMEGA(4,2)   -3.19830E-04 -1.27840E-03 -1.01781E-03 -3.18766E-03 -8.74029E-04 -1.21836E-03 -1.03143E-04  5.11235E-04  1.33664E-04 -3.21221E-04  1.20669E-05  0.00000E+00  0.00000E+00  0.00000E+00  0.00000E+00 -1.62281E-05  2.31111E-03 -2.24869E-03 -3.97828E-04 -1.96202E-03  6.83301E-04  1.54252E-04  6.67450E-03 -8.37520E-04 -1.99896E-03  2.98986E-04 -1.26266E-03  3.08115E-04  6.62556E-04  2.65377E-04  2.96727E-04  5.30885E-04 -1.48504E-04  6.69482E-04 -1.97351E-04 -1.61701E-05  8.39943E-04 -7.22057E-04 -8.32577E-04  2.11386E-03 -4.53212E-04  4.67009E-04 -7.41442E-04 -5.91275E-04 -5.73698E-05  5.02622E-04 -6.62480E-04  3.34943E-04 -2.02304E-04 -2.67048E-05 -9.96222E-04  0.00000E+00  0.00000E+00  0.00000E+00  0.00000E+00  0.00000E+00  0.00000E+00  0.00000E+00  0.00000E+00  0.00000E+00  0.00000E+00  0.00000E+00  0.00000E+00  0.00000E+00  0.00000E+00  0.00000E+00  0.00000E+00  0.00000E+00  0.00000E+00  0.00000E+00  0.00000E+00  0.00000E+00  0.00000E+00  0.00000E+00  0.00000E+00  0.00000E+00  0.00000E+00  0.00000E+00  0.00000E+00  0.00000E+00  0.00000E+00
 OMEGA(4,3)    5.71728E-04  2.35380E-03 -2.44278E-03  2.31472E-03 -1.56128E-03 -6.26418E-04  5.32900E-04  1.57684E-03 -1.20196E-04 -5.46728E-05 -4.26271E-04  0.00000E+00  0.00000E+00  0.00000E+00  0.00000E+00 -1.15954E-03 -6.18703E-04 -1.15061E-03  3.21296E-03 -7.12488E-04 -2.90970E-03 -2.66507E-03 -8.37520E-04  6.35372E-03 -3.91025E-03  7.82578E-04 -3.29435E-04 -3.49863E-04  1.00835E-03  5.69814E-05 -7.04496E-04 -6.93500E-05  4.63709E-04 -4.75527E-04  2.38981E-04 -5.55651E-04  3.13846E-04 -7.81083E-04 -6.28590E-04  4.24643E-04 -1.06785E-04  2.37628E-05 -1.01290E-03  6.12060E-04 -8.91363E-05  3.96191E-04  1.47010E-04  2.83240E-04  3.48419E-04  8.33341E-05 -1.55071E-05  0.00000E+00  0.00000E+00  0.00000E+00  0.00000E+00  0.00000E+00  0.00000E+00  0.00000E+00  0.00000E+00  0.00000E+00  0.00000E+00  0.00000E+00  0.00000E+00  0.00000E+00  0.00000E+00  0.00000E+00  0.00000E+00  0.00000E+00  0.00000E+00  0.00000E+00  0.00000E+00  0.00000E+00  0.00000E+00  0.00000E+00  0.00000E+00  0.00000E+00  0.00000E+00  0.00000E+00  0.00000E+00  0.00000E+00  0.00000E+00
 OMEGA(4,4)   -1.91213E-03 -2.61610E-03  2.25589E-03 -2.76150E-03 -2.78956E-04  2.71644E-04 -1.63704E-03 -1.16924E-03  9.16016E-04  3.94110E-04  5.80949E-04  0.00000E+00  0.00000E+00  0.00000E+00  0.00000E+00  1.44203E-03  7.80603E-04  2.28550E-03 -2.32192E-03 -3.63000E-04  2.47846E-03  3.71951E-03 -1.99896E-03 -3.91025E-03  1.28548E-02 -2.72579E-04  9.98978E-04  2.85556E-04 -1.30423E-03  6.08012E-04  3.79520E-04  3.68629E-04 -3.79090E-04 -6.81954E-06 -4.74970E-05  7.43454E-04 -1.31973E-04  6.65195E-04  2.75388E-04 -8.32056E-04  5.84744E-04 -1.50416E-04  1.17762E-03 -5.13085E-04 -1.31994E-04 -6.15730E-04  1.45159E-05  9.26998E-05 -1.61823E-04 -8.28229E-05  7.22183E-04  0.00000E+00  0.00000E+00  0.00000E+00  0.00000E+00  0.00000E+00  0.00000E+00  0.00000E+00  0.00000E+00  0.00000E+00  0.00000E+00  0.00000E+00  0.00000E+00  0.00000E+00  0.00000E+00  0.00000E+00  0.00000E+00  0.00000E+00  0.00000E+00  0.00000E+00  0.00000E+00  0.00000E+00  0.00000E+00  0.00000E+00  0.00000E+00  0.00000E+00  0.00000E+00  0.00000E+00  0.00000E+00  0.00000E+00  0.00000E+00
 OMEGA(5,1)    1.17324E-04  1.22709E-03 -1.11444E-03  6.31311E-04 -1.91309E-03  2.79229E-05 -3.32403E-04 -9.20166E-04  5.27634E-04  4.71711E-05  3.04627E-06  0.00000E+00  0.00000E+00  0.00000E+00  0.00000E+00  1.41040E-03  3.49464E-04 -3.30312E-04  1.16957E-03 -3.95060E-04 -3.36100E-04 -4.94856E-04  2.98986E-04  7.82578E-04 -2.72579E-04  4.01408E-03 -6.33332E-04  2.23673E-04  1.76960E-03  1.47511E-03 -2.97058E-05 -2.60904E-04  1.72657E-04  3.18692E-04 -8.86724E-05  1.62195E-04  3.80295E-04 -4.10637E-06 -2.67498E-05  7.16247E-05  1.99252E-04 -4.37804E-04  6.29940E-05  6.15298E-04 -2.79939E-04  4.17713E-04  1.06167E-04  1.75394E-03  2.30063E-04 -1.23721E-04 -3.78317E-04  0.00000E+00  0.00000E+00  0.00000E+00  0.00000E+00  0.00000E+00  0.00000E+00  0.00000E+00  0.00000E+00  0.00000E+00  0.00000E+00  0.00000E+00  0.00000E+00  0.00000E+00  0.00000E+00  0.00000E+00  0.00000E+00  0.00000E+00  0.00000E+00  0.00000E+00  0.00000E+00  0.00000E+00  0.00000E+00  0.00000E+00  0.00000E+00  0.00000E+00  0.00000E+00  0.00000E+00  0.00000E+00  0.00000E+00  0.00000E+00
 OMEGA(5,2)   -5.63845E-04 -2.23880E-04  4.42394E-04  1.84331E-04 -3.91886E-04  1.44057E-04  4.84393E-05 -1.80762E-04 -4.04007E-05  1.57459E-05  7.43167E-05  0.00000E+00  0.00000E+00  0.00000E+00  0.00000E+00 -2.87147E-04  6.78842E-06  7.02214E-04 -5.70445E-04  1.11833E-03  9.12113E-05 -1.31199E-04 -1.26266E-03 -3.29435E-04  9.98978E-04 -6.33332E-04  2.96768E-03 -2.38438E-04 -1.04929E-03 -2.58988E-05 -1.22427E-04 -4.32397E-04  2.44647E-04 -1.61627E-04 -2.41564E-04  1.51565E-04 -7.60071E-05  6.87655E-04  1.59466E-04 -5.38351E-04  1.03651E-03 -2.03679E-04  6.65392E-04 -3.81179E-05 -5.16575E-05 -3.42063E-04  1.56070E-04 -9.79706E-04 -5.40603E-06 -8.53658E-05  4.12778E-04  0.00000E+00  0.00000E+00  0.00000E+00  0.00000E+00  0.00000E+00  0.00000E+00  0.00000E+00  0.00000E+00  0.00000E+00  0.00000E+00  0.00000E+00  0.00000E+00  0.00000E+00  0.00000E+00  0.00000E+00  0.00000E+00  0.00000E+00  0.00000E+00  0.00000E+00  0.00000E+00  0.00000E+00  0.00000E+00  0.00000E+00  0.00000E+00  0.00000E+00  0.00000E+00  0.00000E+00  0.00000E+00  0.00000E+00  0.00000E+00
 OMEGA(5,3)    2.71098E-04 -7.26474E-04 -3.83452E-04 -3.85999E-04 -9.59810E-04  1.92662E-04 -2.71618E-04 -1.30292E-03  5.88318E-04  3.06859E-04  2.43875E-04  0.00000E+00  0.00000E+00  0.00000E+00  0.00000E+00  4.33654E-04 -1.80996E-04  1.06818E-05 -5.40088E-06  2.67660E-04  1.29718E-03  5.36835E-04  3.08115E-04 -3.49863E-04  2.85556E-04  2.23673E-04 -2.38438E-04  2.82001E-03 -2.20029E-04  1.71823E-03  4.11915E-04  1.40178E-04 -1.15392E-04  4.79754E-05  4.11210E-04  2.00382E-04 -3.82712E-04 -1.83969E-04  4.28702E-04  1.66007E-04  1.50547E-04  3.96205E-04 -1.83001E-04  1.47972E-05  1.31116E-04  3.60300E-06  9.70833E-05  6.71683E-04 -1.63639E-04  5.66913E-06 -2.64430E-04  0.00000E+00  0.00000E+00  0.00000E+00  0.00000E+00  0.00000E+00  0.00000E+00  0.00000E+00  0.00000E+00  0.00000E+00  0.00000E+00  0.00000E+00  0.00000E+00  0.00000E+00  0.00000E+00  0.00000E+00  0.00000E+00  0.00000E+00  0.00000E+00  0.00000E+00  0.00000E+00  0.00000E+00  0.00000E+00  0.00000E+00  0.00000E+00  0.00000E+00  0.00000E+00  0.00000E+00  0.00000E+00  0.00000E+00  0.00000E+00
 OMEGA(5,4)   -1.39261E-04  7.50150E-04 -1.42106E-04  4.19450E-04 -4.82935E-04 -2.42224E-04  5.35009E-04 -1.39179E-04 -4.19741E-04  7.15058E-05 -2.46222E-05  0.00000E+00  0.00000E+00  0.00000E+00  0.00000E+00  3.84796E-05 -4.67345E-05 -9.08900E-04  7.39785E-04 -3.67094E-04 -4.25579E-05 -3.91376E-05  6.62556E-04  1.00835E-03 -1.30423E-03  1.76960E-03 -1.04929E-03 -2.20029E-04  4.04434E-03  2.95684E-04  3.29426E-05 -3.45340E-04  3.21033E-04 -2.07523E-04 -4.08438E-06 -1.18339E-04 -4.33627E-05 -4.11737E-04  4.96353E-05  6.22086E-04 -2.96923E-04 -2.63042E-04 -5.38953E-04  1.80400E-04 -1.52775E-04  2.26118E-04  7.58598E-04  8.51483E-04  1.44545E-04  2.71525E-05 -1.91276E-04  0.00000E+00  0.00000E+00  0.00000E+00  0.00000E+00  0.00000E+00  0.00000E+00  0.00000E+00  0.00000E+00  0.00000E+00  0.00000E+00  0.00000E+00  0.00000E+00  0.00000E+00  0.00000E+00  0.00000E+00  0.00000E+00  0.00000E+00  0.00000E+00  0.00000E+00  0.00000E+00  0.00000E+00  0.00000E+00  0.00000E+00  0.00000E+00  0.00000E+00  0.00000E+00  0.00000E+00  0.00000E+00  0.00000E+00  0.00000E+00
 OMEGA(5,5)   -8.05304E-05  3.15527E-04 -6.90021E-05 -4.49728E-04 -1.25049E-03  1.83147E-04 -9.41328E-04 -7.50181E-04  7.65285E-04  5.75518E-05 -2.82114E-05  0.00000E+00  0.00000E+00  0.00000E+00  0.00000E+00  1.64699E-03 -2.62251E-04  4.49673E-04  8.12401E-04 -5.13679E-04  8.77793E-04  7.02217E-04  2.65377E-04  5.69814E-05  6.08012E-04  1.47511E-03 -2.58988E-05  1.71823E-03  2.95684E-04  5.69289E-03  9.99282E-05 -3.08167E-04  1.95925E-04  1.00449E-04  1.76298E-04  1.34286E-04 -2.13684E-04  3.23475E-04 -4.32753E-05  1.81295E-04  1.10129E-03  1.28754E-04  2.66825E-04  7.53199E-04 -4.14660E-04  6.10287E-04  2.90218E-04  1.02997E-03  4.09185E-04 -2.05978E-04  8.43187E-04  0.00000E+00  0.00000E+00  0.00000E+00  0.00000E+00  0.00000E+00  0.00000E+00  0.00000E+00  0.00000E+00  0.00000E+00  0.00000E+00  0.00000E+00  0.00000E+00  0.00000E+00  0.00000E+00  0.00000E+00  0.00000E+00  0.00000E+00  0.00000E+00  0.00000E+00  0.00000E+00  0.00000E+00  0.00000E+00  0.00000E+00  0.00000E+00  0.00000E+00  0.00000E+00  0.00000E+00  0.00000E+00  0.00000E+00  0.00000E+00
 OMEGA(6,1)    2.89195E-05 -4.69510E-04  3.24943E-04 -1.01367E-05 -7.76491E-05 -3.02813E-04  6.24736E-04  1.44458E-04 -3.92644E-05  1.36387E-04 -5.08083E-05  0.00000E+00  0.00000E+00  0.00000E+00  0.00000E+00 -1.21610E-04  1.73077E-04  6.23194E-05 -3.21591E-04  2.26628E-05  5.55375E-04  1.43248E-04  2.96727E-04 -7.04496E-04  3.79520E-04 -2.97058E-05 -1.22427E-04  4.11915E-04  3.29426E-05  9.99282E-05  1.86062E-03 -2.46088E-04 -3.08201E-04  7.80388E-04  2.98466E-04 -1.78248E-05 -8.13867E-04  1.16968E-04  1.33263E-04 -3.34414E-04 -4.01022E-04  8.00474E-05 -1.47307E-04 -5.08166E-05  1.64403E-04  1.70916E-04 -3.87519E-05  1.53586E-04  1.77456E-04 -7.21414E-05  3.77798E-05  0.00000E+00  0.00000E+00  0.00000E+00  0.00000E+00  0.00000E+00  0.00000E+00  0.00000E+00  0.00000E+00  0.00000E+00  0.00000E+00  0.00000E+00  0.00000E+00  0.00000E+00  0.00000E+00  0.00000E+00  0.00000E+00  0.00000E+00  0.00000E+00  0.00000E+00  0.00000E+00  0.00000E+00  0.00000E+00  0.00000E+00  0.00000E+00  0.00000E+00  0.00000E+00  0.00000E+00  0.00000E+00  0.00000E+00  0.00000E+00
 OMEGA(6,2)   -2.21315E-04  3.74555E-04  1.72274E-04 -3.29920E-04 -2.34670E-05 -9.26959E-04  3.39614E-04  5.75437E-04 -1.19740E-04 -1.62910E-04 -2.21567E-05  0.00000E+00  0.00000E+00  0.00000E+00  0.00000E+00  2.33328E-04  1.26806E-04  2.25163E-04  1.18592E-05 -4.40051E-04  8.74877E-05  1.91503E-04  5.30885E-04 -6.93500E-05  3.68629E-04 -2.60904E-04 -4.32397E-04  1.40178E-04 -3.45340E-04 -3.08167E-04 -2.46088E-04  2.26339E-03 -4.27594E-05 -6.48524E-04  9.20850E-05  1.15673E-04  1.37844E-05 -8.36913E-04 -9.23666E-05  4.03746E-04 -4.18189E-04  6.90662E-04 -6.39417E-04  3.90207E-05 -3.63864E-04 -1.33587E-04 -2.31777E-05 -1.46131E-05 -2.66376E-04  7.58948E-05 -7.49412E-06  0.00000E+00  0.00000E+00  0.00000E+00  0.00000E+00  0.00000E+00  0.00000E+00  0.00000E+00  0.00000E+00  0.00000E+00  0.00000E+00  0.00000E+00  0.00000E+00  0.00000E+00  0.00000E+00  0.00000E+00  0.00000E+00  0.00000E+00  0.00000E+00  0.00000E+00  0.00000E+00  0.00000E+00  0.00000E+00  0.00000E+00  0.00000E+00  0.00000E+00  0.00000E+00  0.00000E+00  0.00000E+00  0.00000E+00  0.00000E+00
 OMEGA(6,3)    1.88419E-04  2.75824E-04 -2.68478E-04  1.85777E-04 -8.93718E-06  5.11787E-05 -3.86264E-04 -4.25919E-04  1.19046E-04 -2.27403E-05  1.70387E-04  0.00000E+00  0.00000E+00  0.00000E+00  0.00000E+00 -3.83768E-04 -4.61600E-05 -2.16608E-04  4.38175E-04  2.57408E-04 -4.91160E-04 -6.97031E-04 -1.48504E-04  4.63709E-04 -3.79090E-04  1.72657E-04  2.44647E-04 -1.15392E-04  3.21033E-04  1.95925E-04 -3.08201E-04 -4.27594E-05  1.76678E-03 -7.03885E-04  4.50398E-04  2.39885E-04  2.12526E-04 -1.19485E-05 -2.97998E-04  5.87199E-05  2.48684E-04  2.07788E-04  6.67526E-06  7.10945E-05 -2.21184E-04 -2.46765E-04  3.07519E-04 -1.58003E-04 -8.22103E-06 -1.27835E-04  1.68807E-04  0.00000E+00  0.00000E+00  0.00000E+00  0.00000E+00  0.00000E+00  0.00000E+00  0.00000E+00  0.00000E+00  0.00000E+00  0.00000E+00  0.00000E+00  0.00000E+00  0.00000E+00  0.00000E+00  0.00000E+00  0.00000E+00  0.00000E+00  0.00000E+00  0.00000E+00  0.00000E+00  0.00000E+00  0.00000E+00  0.00000E+00  0.00000E+00  0.00000E+00  0.00000E+00  0.00000E+00  0.00000E+00  0.00000E+00  0.00000E+00
 OMEGA(6,4)   -2.60595E-04 -2.61943E-04  1.18469E-04 -4.35154E-04  5.87856E-04 -5.52145E-05 -6.17514E-04 -6.56059E-05  5.34830E-04  1.22638E-04 -1.95892E-04  0.00000E+00  0.00000E+00  0.00000E+00  0.00000E+00  1.73447E-04  2.88634E-04  6.60355E-04 -5.25512E-04 -1.93361E-04  3.76695E-04  2.36774E-04  6.69482E-04 -4.75527E-04 -6.81954E-06  3.18692E-04 -1.61627E-04  4.79754E-05 -2.07523E-04  1.00449E-04  7.80388E-04 -6.48524E-04 -7.03885E-04  2.87612E-03 -2.68838E-04 -2.04876E-04 -8.06951E-05  2.32080E-04  6.77853E-05 -4.69350E-04 -2.28508E-04 -6.21768E-04  5.41119E-04  1.68888E-04 -2.08422E-04  2.98808E-04 -2.83795E-04  1.47003E-04  6.85202E-05  8.49524E-05 -1.34382E-04  0.00000E+00  0.00000E+00  0.00000E+00  0.00000E+00  0.00000E+00  0.00000E+00  0.00000E+00  0.00000E+00  0.00000E+00  0.00000E+00  0.00000E+00  0.00000E+00  0.00000E+00  0.00000E+00  0.00000E+00  0.00000E+00  0.00000E+00  0.00000E+00  0.00000E+00  0.00000E+00  0.00000E+00  0.00000E+00  0.00000E+00  0.00000E+00  0.00000E+00  0.00000E+00  0.00000E+00  0.00000E+00  0.00000E+00  0.00000E+00
 OMEGA(6,5)    1.85018E-04  6.00398E-04 -3.72087E-04 -1.06677E-04 -5.26157E-04  3.53884E-04  3.57829E-04  8.14819E-05 -1.92769E-05 -8.32047E-05  6.11312E-05  0.00000E+00  0.00000E+00  0.00000E+00  0.00000E+00 -5.03633E-05 -6.98345E-05 -4.01089E-04  1.22468E-04  1.30974E-04  5.13152E-05  4.65984E-05 -1.97351E-04  2.38981E-04 -4.74970E-05 -8.86724E-05 -2.41564E-04  4.11210E-04 -4.08438E-06  1.76298E-04  2.98466E-04  9.20850E-05  4.50398E-04 -2.68838E-04  1.72873E-03  9.66711E-05 -3.38285E-04 -3.07122E-04  2.26347E-04 -2.81444E-04 -3.97600E-04  2.87318E-04 -2.36998E-04 -5.81237E-05  2.16683E-04 -1.20829E-04  8.63762E-05  2.92049E-05  1.43740E-05 -5.96504E-05 -1.82392E-04  0.00000E+00  0.00000E+00  0.00000E+00  0.00000E+00  0.00000E+00  0.00000E+00  0.00000E+00  0.00000E+00  0.00000E+00  0.00000E+00  0.00000E+00  0.00000E+00  0.00000E+00  0.00000E+00  0.00000E+00  0.00000E+00  0.00000E+00  0.00000E+00  0.00000E+00  0.00000E+00  0.00000E+00  0.00000E+00  0.00000E+00  0.00000E+00  0.00000E+00  0.00000E+00  0.00000E+00  0.00000E+00  0.00000E+00  0.00000E+00
 OMEGA(6,6)   -6.46573E-04 -4.20575E-04  3.98393E-04 -7.49644E-04  1.67583E-03 -1.08077E-04 -5.44691E-05 -5.47273E-04 -7.21259E-05 -2.31457E-05  3.45574E-04  0.00000E+00  0.00000E+00  0.00000E+00  0.00000E+00  6.00023E-04  1.31612E-04  4.22559E-04 -3.52874E-04  1.25268E-04  8.28593E-04  2.43423E-04 -1.61701E-05 -5.55651E-04  7.43454E-04  1.62195E-04  1.51565E-04  2.00382E-04 -1.18339E-04  1.34286E-04 -1.78248E-05  1.15673E-04  2.39885E-04 -2.04876E-04  9.66711E-05  1.81630E-03  1.69371E-04  2.17899E-04  1.14853E-04 -1.85196E-04  9.71783E-05 -1.97150E-05  3.71254E-04 -2.83978E-06 -7.55563E-05  5.57410E-06 -1.20008E-04 -2.05513E-04 -1.50678E-04  7.85536E-05  2.80278E-04  0.00000E+00  0.00000E+00  0.00000E+00  0.00000E+00  0.00000E+00  0.00000E+00  0.00000E+00  0.00000E+00  0.00000E+00  0.00000E+00  0.00000E+00  0.00000E+00  0.00000E+00  0.00000E+00  0.00000E+00  0.00000E+00  0.00000E+00  0.00000E+00  0.00000E+00  0.00000E+00  0.00000E+00  0.00000E+00  0.00000E+00  0.00000E+00  0.00000E+00  0.00000E+00  0.00000E+00  0.00000E+00  0.00000E+00  0.00000E+00
